354.626
261.318
74.0857
40.429
19.6191
47.2946
51.9722
36.7666
57.8625
37.3879
28.7137
32.2578
29.1878
33.2955
51.4591
49.8832
20.2097
20.2839
37.7352
29.1803
15.6283
9.11064
46.2489
106.315
101.638
34.4612
24.2678
15.9041
21.4891
35.4871
52.5498
47.9445
10.1432
47.2631
41.4995
39.5053
57.2799
69.9287
64.4782
54.2729
86.6791
96.2397
63.3954
6.85415
35.4116
31.2276
39.3386
93.8004
138.969
115.008
30.6214
81.5955
52.7998
71.9757
110.162
31.2133
67.6425
53.9036
60.5108
137.855
101.421
72.39
109.026
76.756
44.3325
53.6051
84.1621
118.896
105.302
50.5008
5.70295
42.888
61.5362
50.241
1.61335
65.7366
116.483
125.156
85.109
18.6012
80.4983
115.195
83.7363
16.0596
47.0151
92.3914
117.015
134.522
154.998
148.911
127.576
115.035
77.6059
32.42
40.1799
29.5221
11.5867
29.7179
33.572
28.802
54.604
65.1685
42.8253
19.2497
20.1456
18.5609
9.49429
8.76741
12.5929
8.76094
48.9086
81.4853
76.7056
35.1518
27.7049
46.8162
48.5334
40.5605
39.4896
64.7993
57.3331
31.5926
33.5231
9.79639
30.5308
34.8504
7.08177
30.3329
29.6699
18.5448
30.9962
22.4314
15.7668
36.7323
40.5037
34.4273
38.7842
47.114
40.2605
22.7775
20.2778
14.2784
13.706
38.078
43.6318
27.1648
22.0628
31.205
26.066
16.1212
9.06336
25.3983
24.7279
15.2462
40.6385
41.4489
19.1368
15.9459
33.21
35.442
15.8463
17.2565
12.7527
18.4338
27.6987
23.1385
30.7127
42.7257
38.5172
8.70886
34.2563
29.8005
6.42176
25.4921
16.1188
24.3437
20.5614
6.0798
3.55231
8.60616
9.22201
3.68656
2.94159
1.33482
1.6258
0.67804
0.0670909
0.00552824
0.00295021
0.000105645
0.00026312
0.000285309
0.000285673
0.000619138
0.000148542
0.000717071
0.000229885
0.000651622
0.000184148
0.000688733
0.000135562
0.000240491
6.21304e-05
0.000262711
7.43125e-05
0.000220286
5.83906e-05
5.57899e-05
3.14496e-05
8.38771e-05
6.42591e-05
0.000268181
0.000118165
0.00026606
5.56096e-05
9.61023e-05
2.55578e-05
0.000144301
8.74796e-05
0.000144774
1.64436e-05
4.27585e-05
1.25513e-05
7.23482e-05
4.89168e-05
7.65704e-05
2.5897e-05
7.60946e-05
2.30129e-05
1.64587e-05
2.44574e-05
3.27013e-05
1.53717e-05
3.66121e-05
7.38864e-06
2.22821e-05
1.97819e-05
3.14858e-05
1.93786e-05
3.22242e-05
8.65981e-06
2.61164e-05
1.93719e-05
1.2936e-05
2.23865e-05
6.54915e-05
3.70563e-05
3.36471e-05
1.96204e-05
3.45969e-05
1.70231e-05
1.32909e-05
5.06477e-06
2.25439e-05
3.14451e-05
5.5468e-05
2.83838e-05
2.00274e-05
6.68519e-06
4.44977e-06
4.03256e-06
1.55248e-05
1.02445e-05
1.59369e-05
1.80173e-05
9.69037e-06
1.22483e-05
2.14085e-05
6.8984e-06
3.27475e-05
2.94878e-05
2.13531e-05
6.05848e-06
3.75914e-06
1.25992e-05
1.94271e-05
1.30222e-05
3.91232e-06
9.6941e-06
1.81316e-05
1.14141e-05
3.9722e-06
2.49422e-06
4.87362e-06
5.60484e-06
1.18547e-05
7.02051e-06
6.15096e-06
1.19362e-05
5.48063e-06
6.33092e-06
9.10671e-06
1.72273e-05
1.69205e-05
3.87771e-06
6.4957e-06
7.93837e-06
1.07633e-05
6.16647e-06
3.63893e-06
3.01087e-06
9.7703e-06
2.06853e-05
1.42158e-05
2.19773e-06
4.36134e-06
2.78337e-06
1.10006e-05
1.77737e-05
1.03069e-05
1.16688e-06
7.92572e-06
6.72201e-06
5.97964e-06
1.3537e-05
1.02404e-05
7.21502e-06
3.95152e-06
6.91759e-06
7.50776e-06
5.30734e-06
2.83608e-06
6.42133e-06
1.53182e-06
3.01794e-06
4.08682e-06
8.96334e-06
5.07174e-06
5.56689e-06
4.78467e-06
2.57445e-06
2.50539e-06
7.64105e-06
4.45753e-06
1.38024e-06
6.10782e-06
9.22033e-06
3.35122e-06
2.65814e-06
3.47728e-06
7.61974e-06
4.38132e-06
6.87063e-06
1.70397e-06
8.11983e-06
4.3148e-06
1.72311e-06
3.10947e-06
3.12254e-06
4.93664e-06
9.56367e-06
4.23313e-06
4.84898e-06
5.72735e-07
3.2294e-06
1.50806e-06
8.40335e-06
4.45584e-06
5.58867e-06
6.22365e-06
1.04138e-05
7.88455e-07
6.89805e-06
3.63057e-06
8.50103e-06
4.44808e-06
4.10886e-06
8.57077e-07
2.60213e-06
1.94209e-06
6.70636e-06
1.93086e-06
2.69576e-06
4.11615e-07
3.43169e-06
1.476e-06
3.60506e-06
4.30518e-06
9.8137e-06
1.53737e-06
3.05627e-06
1.81229e-06
5.78465e-06
1.29614e-06
4.69198e-06
2.07323e-06
8.35572e-07
2.30332e-06
6.56932e-06
5.00405e-07
3.71589e-06
9.81521e-07
3.4342e-06
1.24814e-06
2.93737e-06
1.24001e-06
5.39934e-06
1.81262e-06
2.05422e-06
8.55311e-07
3.05681e-06
1.47972e-06
5.96011e-06
3.46488e-07
3.26987e-06
6.53619e-07
4.47019e-06
1.61327e-06
3.13167e-06
4.07178e-07
4.52664e-06
1.2986e-06
3.7338e-06
3.63947e-07
4.18055e-06
8.02756e-07
7.86411e-07
1.07661e-06
5.25143e-06
4.00512e-07
1.17401e-06
5.71606e-07
4.3668e-06
4.47662e-07
2.04848e-06
6.77887e-07
2.23964e-06
4.40617e-07
3.90603e-06
2.77964e-07
2.94563e-07
5.96517e-08
2.38502e-06
3.52699e-07
1.93181e-06
1.0481e-07
2.80785e-06
7.05252e-07
5.05042e-06
1.66068e-07
3.73104e-06
3.01256e-07
2.86012e-06
3.71368e-07
4.24184e-06
2.87396e-07
2.32315e-06
1.31527e-07
5.75251e-07
1.39314e-07
7.12411e-07
2.43846e-07
3.77403e-06
1.99795e-07
4.87087e-06
1.93054e-07
1.17596e-06
7.02966e-08
2.64611e-06
2.35526e-07
1.86838e-06
9.79548e-08
2.8314e-06
1.22384e-07
1.48933e-06
7.58049e-08
1.39294e-06
1.51515e-07
2.16977e-06
5.76298e-08
2.45853e-06
2.54062e-07
3.61041e-07
2.03401e-07
1.18005e-06
2.14028e-07
2.59912e-06
1.04139e-07
1.72902e-06
3.06953e-07
1.44193e-06
1.11929e-07
1.46035e-06
1.47118e-07
1.40162e-06
8.69767e-08
1.59367e-06
1.18053e-07
2.72126e-06
4.69522e-07
1.19361e-06
5.33088e-07
1.51411e-06
3.95469e-07
3.04727e-06
3.90281e-07
3.93734e-07
2.62543e-07
1.49014e-06
3.46567e-07
1.99382e-06
3.9374e-07
1.96366e-06
4.1729e-07
3.06713e-06
8.24775e-07
1.47304e-06
2.59941e-07
2.55696e-06
8.75014e-07
1.6637e-06
2.80455e-07
1.76966e-06
5.15069e-08
1.92015e-06
5.68899e-07
1.50689e-06
4.47197e-07
4.36799e-07
4.79356e-07
9.45152e-07
4.71415e-07
1.76899e-06
4.24572e-07
1.1154e-06
5.84654e-07
3.06231e-06
9.46063e-07
2.49953e-07
4.46865e-07
1.21427e-06
1.01239e-06
1.90753e-06
4.36335e-07
3.29821e-06
1.12705e-06
1.22282e-06
1.13974e-06
3.37782e-06
1.04879e-06
2.11311e-07
8.45959e-07
1.57856e-06
4.57237e-07
2.10601e-06
6.38895e-07
7.94903e-07
9.06405e-07
2.00525e-06
9.10737e-07
1.49623e-06
1.02272e-06
1.62199e-06
9.77027e-07
1.85048e-06
3.69605e-08
1.89989e-06
1.16757e-06
1.30854e-06
9.45693e-08
9.80195e-07
7.0294e-07
2.03248e-06
1.35934e-06
9.66703e-07
7.74019e-07
5.03253e-07
1.07614e-06
1.60581e-06
4.3303e-07
1.91637e-06
5.12873e-07
1.16983e-06
9.49997e-07
1.14378e-06
3.07772e-07
1.03293e-06
9.36079e-07
4.56545e-07
5.64251e-07
8.20542e-07
1.59409e-06
1.71832e-06
6.06404e-07
1.84861e-06
6.82029e-07
8.93835e-07
6.89772e-07
4.62321e-07
1.22845e-06
1.56255e-06
7.75371e-07
1.46475e-06
1.3383e-06
6.77826e-07
1.68152e-06
2.14151e-06
6.25914e-07
9.84816e-07
1.03912e-06
6.65687e-07
1.07521e-07
7.35475e-07
6.77732e-07
4.1179e-07
5.57415e-07
5.48648e-07
1.54181e-07
3.34778e-07
8.02644e-07
1.23648e-06
8.04157e-07
5.43598e-07
5.43602e-07
8.04159e-07
1.2365e-06
8.0264e-07
3.34767e-07
1.54181e-07
5.48655e-07
5.57418e-07
4.11784e-07
6.77735e-07
7.35477e-07
1.0752e-07
6.65691e-07
1.03912e-06
9.84815e-07
6.2591e-07
2.14152e-06
1.68152e-06
6.77825e-07
1.3383e-06
1.46476e-06
7.75368e-07
1.56253e-06
1.22845e-06
4.62322e-07
6.89777e-07
8.93826e-07
6.82029e-07
1.84861e-06
6.06399e-07
1.71831e-06
1.59409e-06
8.20548e-07
5.64249e-07
4.56545e-07
9.36082e-07
1.03293e-06
3.07779e-07
1.14377e-06
9.50003e-07
1.16983e-06
5.12879e-07
1.91637e-06
4.33029e-07
1.6058e-06
1.07613e-06
5.03252e-07
7.74011e-07
9.66703e-07
1.35934e-06
2.03248e-06
7.02943e-07
9.80192e-07
9.45678e-08
1.30854e-06
1.16757e-06
1.89989e-06
3.6956e-08
1.85048e-06
9.77028e-07
1.62198e-06
1.02272e-06
1.49623e-06
9.10734e-07
2.00525e-06
9.06402e-07
7.94905e-07
6.38893e-07
2.106e-06
4.57238e-07
1.57856e-06
8.45959e-07
2.11315e-07
1.0488e-06
3.37782e-06
1.13974e-06
1.22282e-06
1.12706e-06
3.29821e-06
4.36335e-07
1.90752e-06
1.01239e-06
1.21427e-06
4.46865e-07
2.49951e-07
9.46058e-07
3.0623e-06
5.84652e-07
1.1154e-06
4.24575e-07
1.76899e-06
4.71412e-07
9.45159e-07
4.79356e-07
4.36796e-07
4.47198e-07
1.50688e-06
5.68899e-07
1.92014e-06
5.15058e-08
1.76965e-06
2.80459e-07
1.6637e-06
8.75018e-07
2.55697e-06
2.59943e-07
1.47304e-06
8.24777e-07
3.06713e-06
4.17289e-07
1.96367e-06
3.93733e-07
1.99383e-06
3.46576e-07
1.49014e-06
2.62543e-07
3.93731e-07
3.90285e-07
3.04728e-06
3.95471e-07
1.51411e-06
5.33097e-07
1.19362e-06
4.69525e-07
2.72125e-06
1.18056e-07
1.59367e-06
8.6975e-08
1.40163e-06
1.47113e-07
1.46035e-06
1.11931e-07
1.44193e-06
3.06956e-07
1.72903e-06
1.04144e-07
2.59912e-06
2.14029e-07
1.18005e-06
2.03393e-07
3.61041e-07
2.54054e-07
2.45853e-06
5.76372e-08
2.16977e-06
1.51519e-07
1.39295e-06
7.58115e-08
1.48932e-06
1.2239e-07
2.8314e-06
9.79442e-08
1.86838e-06
2.35529e-07
2.64609e-06
7.02975e-08
1.17596e-06
1.93056e-07
4.87088e-06
1.99795e-07
3.77403e-06
2.43845e-07
7.12416e-07
1.39308e-07
5.75258e-07
1.31525e-07
2.32316e-06
2.87386e-07
4.24184e-06
3.71364e-07
2.86012e-06
3.01252e-07
3.73105e-06
1.6607e-07
5.05042e-06
7.05254e-07
2.80785e-06
1.04808e-07
1.93181e-06
3.52696e-07
2.38502e-06
5.96568e-08
2.94562e-07
2.77961e-07
3.90603e-06
4.40618e-07
2.23963e-06
6.77881e-07
2.04848e-06
4.47656e-07
4.3668e-06
5.71598e-07
1.17401e-06
4.0051e-07
5.25144e-06
1.07661e-06
7.86409e-07
8.02758e-07
4.18055e-06
3.63943e-07
3.7338e-06
1.2986e-06
4.52665e-06
4.07182e-07
3.13167e-06
1.61327e-06
4.47019e-06
6.53616e-07
3.26986e-06
3.46491e-07
5.96012e-06
1.47972e-06
3.05681e-06
8.55312e-07
2.05423e-06
1.81262e-06
5.39935e-06
1.24e-06
2.93737e-06
1.24815e-06
3.4342e-06
9.8152e-07
3.71589e-06
5.00396e-07
6.56932e-06
2.30331e-06
8.35571e-07
2.07323e-06
4.69197e-06
1.29614e-06
5.78466e-06
1.81229e-06
3.05628e-06
1.53737e-06
9.81371e-06
4.30518e-06
3.60506e-06
1.47601e-06
3.4317e-06
4.11614e-07
2.69575e-06
1.93086e-06
6.70635e-06
1.94209e-06
2.60213e-06
8.57081e-07
4.10886e-06
4.44809e-06
8.50103e-06
3.63057e-06
6.89806e-06
7.88435e-07
1.04138e-05
6.22365e-06
5.58867e-06
4.45585e-06
8.40335e-06
1.50806e-06
3.22939e-06
5.72728e-07
4.84899e-06
4.23314e-06
9.56367e-06
4.93665e-06
3.12254e-06
3.10948e-06
1.72311e-06
4.3148e-06
8.11983e-06
1.70397e-06
6.87063e-06
4.38132e-06
7.61973e-06
3.47727e-06
2.65814e-06
3.35121e-06
9.22034e-06
6.10782e-06
1.38024e-06
4.45753e-06
7.64104e-06
2.50539e-06
2.57445e-06
4.78467e-06
5.56688e-06
5.07175e-06
8.96334e-06
4.08682e-06
3.01795e-06
1.53182e-06
6.42134e-06
2.83608e-06
5.30735e-06
7.50776e-06
6.91759e-06
3.95152e-06
7.21501e-06
1.02404e-05
1.3537e-05
5.97964e-06
6.72201e-06
7.92572e-06
1.16687e-06
1.03069e-05
1.77737e-05
1.10006e-05
2.78336e-06
4.36134e-06
2.19772e-06
1.42158e-05
2.06853e-05
9.7703e-06
3.01087e-06
3.63894e-06
6.16647e-06
1.07633e-05
7.93837e-06
6.4957e-06
3.87771e-06
1.69205e-05
1.72273e-05
9.1067e-06
6.33092e-06
5.48063e-06
1.19362e-05
6.15096e-06
7.02052e-06
1.18547e-05
5.60484e-06
4.87362e-06
2.49421e-06
3.9722e-06
1.14141e-05
1.81316e-05
9.6941e-06
3.91232e-06
1.30222e-05
1.94271e-05
1.25992e-05
3.75914e-06
6.05848e-06
2.13531e-05
2.94878e-05
3.27475e-05
6.89839e-06
2.14085e-05
1.22483e-05
9.69036e-06
1.80173e-05
1.59369e-05
1.02445e-05
1.55248e-05
4.03256e-06
4.44977e-06
6.68519e-06
2.00274e-05
2.83838e-05
5.5468e-05
3.14451e-05
2.25439e-05
5.06477e-06
1.32909e-05
1.7023e-05
3.45969e-05
1.96204e-05
3.3647e-05
3.70563e-05
6.54915e-05
2.23865e-05
1.2936e-05
1.9372e-05
2.61164e-05
8.6598e-06
3.22242e-05
1.93786e-05
3.14858e-05
1.97819e-05
2.22821e-05
7.38865e-06
3.66121e-05
1.53717e-05
3.27013e-05
2.44574e-05
1.64587e-05
2.30129e-05
7.60946e-05
2.5897e-05
7.65704e-05
4.89168e-05
7.23482e-05
1.25513e-05
4.27585e-05
1.64436e-05
0.000144774
8.74796e-05
0.000144301
2.55578e-05
9.61022e-05
5.56096e-05
0.00026606
0.000118165
0.000268181
6.42591e-05
8.38771e-05
3.14496e-05
5.57899e-05
5.83906e-05
0.000220286
7.43125e-05
0.000262711
6.21304e-05
0.000240491
0.000135562
0.000688733
0.000184148
0.000651622
0.000229885
0.000717071
0.000148542
0.000619138
0.000285673
0.000285309
0.00026312
0.000105645
0.00295021
0.00552824
0.0670909
0.67804
1.6258
1.33482
2.94159
3.68656
9.22201
8.60616
3.55231
6.0798
20.5614
24.3437
16.1188
25.4921
6.42176
29.8005
34.2563
8.70886
38.5172
42.7257
30.7127
23.1385
27.6987
18.4338
12.7527
17.2565
15.8463
35.442
33.21
15.9459
19.1368
41.4489
40.6385
15.2462
24.7279
25.3983
9.06336
16.1212
26.066
31.205
22.0628
27.1648
43.6318
38.078
13.706
14.2784
20.2778
22.7775
40.2605
47.114
38.7842
34.4273
40.5037
36.7323
15.7668
22.4314
30.9962
18.5448
29.6699
30.3329
7.08177
34.8504
30.5308
9.79639
33.5231
31.5926
57.3331
64.7993
39.4896
40.5605
48.5334
46.8162
27.7049
35.1518
76.7056
81.4853
48.9086
8.76094
12.5929
8.76741
9.49429
18.5609
20.1456
19.2497
42.8253
65.1685
54.604
28.802
33.572
29.7179
11.5867
29.5221
40.1799
32.42
77.6059
115.035
127.576
148.911
154.998
134.522
117.015
92.3914
47.0151
16.0596
83.7363
115.195
80.4983
18.6012
85.109
125.156
116.483
65.7366
1.61335
50.241
61.5362
42.888
5.70295
50.5008
105.302
118.896
84.1621
53.6051
44.3325
76.756
109.026
72.39
101.421
137.855
60.5108
53.9036
67.6425
31.2133
110.162
71.9757
52.7998
81.5955
30.6214
115.008
138.969
93.8004
39.3386
31.2276
35.4116
6.85415
63.3954
96.2397
86.6791
54.2729
64.4782
69.9287
57.2799
39.5053
41.4995
47.2631
10.1432
47.9445
52.5498
35.4871
21.4891
15.9041
24.2678
34.4612
101.638
106.315
46.2489
9.11064
15.6283
29.1803
37.7352
20.2839
20.2097
49.8832
51.4591
33.2955
29.1878
32.2578
28.7137
37.3879
57.8625
36.7666
51.9722
47.2946
19.6191
40.429
74.0857
261.318
