12.7646
10.4968
4.74595
4.31368
11.6426
15.4024
24.6928
27.1948
8.09266
20.1493
29.4581
50.7684
62.4494
41.207
32.0513
43.4594
42.2743
18.6136
81.4458
126.477
104.381
48.7505
38.703
61.0785
61.5704
50.1007
52.4752
58.6179
55.5588
27.8755
13.5193
17.6941
23.1516
34.0614
56.892
75.7057
59.0239
25.8939
9.40618
26.6393
54.5465
85.8085
78.0553
26.0791
50.0384
61.5601
41.2294
26.7492
28.4164
35.2618
17.4247
13.4681
26.0674
25.2819
17.3116
30.1303
23.3439
27.0333
59.9122
52.4315
21.6433
17.9603
8.8958
15.0965
22.6273
13.7528
7.10989
17.7582
20.8095
42.7283
41.8084
11.2191
16.734
16.9199
12.8566
8.56987
9.01888
22.5721
37.1314
27.7401
6.66846
23.4064
16.2509
27.8183
27.2572
16.8177
15.7491
19.4494
33.3241
45.8322
41.3954
15.8341
7.67848
7.9542
15.4307
16.9605
2.8318
8.04555
5.85198
8.19822
13.2874
15.4867
9.06408
2.97508
5.59408
9.51022
23.2533
26.1546
26.0854
25.2083
9.82128
10.718
13.135
6.96529
18.0497
22.6998
21.7123
16.4
9.80855
9.39567
16.9862
12.2408
7.26937
15.5315
14.1725
4.6736
8.34262
6.60829
8.94166
13.4202
9.9605
23.4683
21.9291
4.91141
6.90149
3.02867
12.4019
19.1752
12.7999
2.83641
11.337
12.2557
7.48975
4.05962
14.3125
16.8602
7.63792
7.50334
15.4294
9.07567
5.25798
9.41024
8.14217
10.0593
3.63726
6.78252
4.80231
15.9028
18.498
4.50624
14.8063
19.1395
12.4995
6.2031
2.21463
3.44811
5.99254
11.2355
16.3583
14.7983
10.2934
8.37248
10.8296
7.75685
3.35524
6.02784
9.5214
9.96807
5.82988
2.37041
1.50668
0.565485
1.181
1.29575
0.300077
0.13651
0.0347329
0.00313392
0.000920271
0.000141874
0.000332389
9.07371e-05
3.11623e-05
7.48763e-05
7.52083e-05
0.000181414
2.93001e-05
0.0002035
5.08603e-05
0.000120328
7.43531e-06
2.04074e-05
3.68096e-06
2.11413e-05
1.29971e-05
6.16541e-05
3.49811e-06
7.09226e-05
1.02295e-05
7.28669e-05
3.6741e-05
4.71219e-05
2.38848e-05
6.12569e-05
1.37627e-05
4.78896e-05
2.82445e-05
4.73824e-05
8.34657e-06
5.02716e-05
1.09516e-05
2.40399e-05
1.38834e-05
3.71916e-05
1.64288e-05
1.1914e-05
1.14256e-05
5.27307e-06
9.71067e-06
1.44474e-05
9.49398e-06
2.61758e-05
5.79375e-06
8.89095e-06
1.20948e-05
3.02215e-05
1.49431e-05
2.72339e-05
1.1933e-05
3.62046e-06
8.30116e-06
1.43269e-05
3.43034e-06
2.32849e-05
1.39595e-05
1.64764e-05
6.95484e-06
1.01154e-05
9.26539e-06
1.08698e-05
1.26275e-05
1.83818e-05
6.99511e-06
2.0383e-06
8.7248e-06
1.79834e-05
8.03676e-06
1.07837e-05
5.64567e-06
3.77202e-06
6.61402e-06
9.76938e-06
5.39991e-06
4.47823e-06
5.71488e-06
1.39636e-05
1.02177e-05
8.64418e-06
4.22738e-06
4.02248e-06
6.09952e-06
3.8955e-06
4.12899e-06
7.26821e-06
1.59009e-06
6.12928e-06
5.73599e-06
5.8683e-07
4.99498e-06
7.00243e-06
6.22037e-06
7.6151e-06
4.15569e-06
1.38735e-06
4.26023e-06
5.32245e-06
5.41964e-06
6.24103e-06
3.42986e-06
1.30688e-06
3.32969e-06
3.43186e-06
2.04678e-06
8.16142e-06
7.58605e-06
2.87309e-06
2.76814e-06
3.13996e-06
6.95824e-06
3.32672e-06
3.54455e-06
5.20473e-06
1.37666e-06
2.86354e-06
4.14833e-06
1.88965e-06
2.11637e-06
3.60674e-06
2.50431e-06
1.60716e-06
1.64522e-06
2.22953e-06
5.21783e-06
4.99878e-06
3.59989e-06
2.0472e-06
3.00745e-06
3.18238e-07
2.2034e-06
1.89169e-06
2.87331e-06
1.23469e-06
8.46024e-07
5.64388e-07
2.37321e-06
3.02073e-06
2.95874e-06
1.00691e-06
9.46711e-07
1.46621e-06
2.44815e-06
1.72103e-06
1.20784e-06
1.36142e-06
3.72476e-06
1.11127e-06
2.79309e-06
2.78718e-06
2.1313e-06
8.18384e-07
1.18134e-06
9.1584e-07
2.54465e-06
1.0232e-06
1.53026e-06
1.61027e-06
2.1954e-06
8.11749e-07
1.23488e-06
4.72263e-07
8.09209e-07
1.2417e-07
9.75434e-07
3.81762e-07
1.93488e-06
1.41472e-06
3.48464e-06
1.60152e-06
1.67588e-06
7.85078e-07
8.46517e-07
1.19487e-06
7.31078e-07
1.49392e-06
3.36745e-06
5.35925e-07
1.33838e-06
8.37202e-07
2.68958e-06
5.76388e-07
1.82568e-06
8.82032e-07
3.61993e-07
1.07204e-06
3.41944e-06
1.05582e-06
1.13114e-06
1.11851e-06
1.26087e-06
8.98169e-07
3.96532e-06
9.73023e-07
2.36329e-06
1.06901e-06
1.48755e-06
1.45391e-07
2.07018e-06
1.32891e-06
2.21467e-06
1.79051e-07
1.1306e-06
1.88935e-07
4.74429e-07
5.39464e-07
3.06372e-06
5.88777e-07
1.00688e-06
2.71036e-07
7.55465e-07
5.52248e-07
2.18701e-06
5.34476e-07
6.59662e-07
3.90377e-07
1.5341e-06
5.3289e-07
2.09904e-06
6.56877e-07
2.42624e-06
1.50608e-07
1.51376e-06
3.64498e-07
8.11609e-07
2.82123e-07
1.34469e-06
2.32248e-07
5.32398e-07
1.91409e-07
9.16544e-07
5.73986e-08
1.50163e-06
4.03435e-07
1.22754e-06
8.89545e-08
1.36015e-06
2.32725e-07
1.02865e-06
1.26152e-07
1.51644e-06
1.6549e-07
7.28791e-07
1.00071e-07
7.38848e-07
1.61146e-07
2.37113e-07
1.55985e-07
1.70152e-06
1.74673e-07
1.06123e-06
1.46067e-07
6.56041e-07
1.37615e-07
2.05477e-06
5.96142e-08
8.46244e-07
5.02588e-08
1.20609e-06
1.11672e-07
4.60484e-07
7.79357e-08
9.0344e-07
2.71869e-08
1.49343e-06
7.11247e-08
3.09911e-07
5.59825e-08
8.14221e-07
1.29614e-08
1.24774e-06
1.03538e-07
2.74219e-07
1.17709e-07
2.20031e-06
9.2073e-08
9.96626e-07
4.29779e-08
1.01276e-06
5.20006e-08
1.41726e-06
1.0944e-07
1.08098e-06
7.17419e-08
2.4836e-07
7.16733e-08
9.09539e-07
1.69325e-07
1.63985e-06
1.16655e-07
9.86737e-07
5.68441e-08
1.29513e-06
1.4065e-07
8.45472e-07
2.80427e-07
9.00095e-07
1.39911e-07
1.07107e-06
1.48917e-07
1.29444e-06
1.04919e-07
3.02778e-07
5.08249e-08
2.40571e-07
6.67782e-08
5.30332e-07
7.10799e-08
1.08123e-06
2.24325e-07
6.34845e-07
1.41848e-07
1.24527e-06
3.97646e-07
1.52579e-06
2.28183e-07
5.88108e-07
8.99566e-08
3.44444e-07
5.01204e-08
7.29411e-07
2.91664e-07
7.67348e-07
3.23077e-08
8.85189e-07
2.67944e-07
2.99719e-07
4.68617e-07
1.44316e-06
1.00871e-07
3.79899e-07
6.35459e-08
8.38941e-07
4.96269e-07
1.49834e-06
2.33846e-07
6.69459e-07
4.07692e-07
1.04181e-06
2.47312e-07
1.34945e-07
1.2999e-07
6.20145e-07
2.31497e-07
2.92157e-07
2.52918e-07
8.19343e-07
2.57642e-07
3.70316e-07
1.3286e-07
1.87476e-07
1.21179e-07
6.80278e-07
3.99901e-07
4.83005e-07
7.30619e-08
4.81923e-07
3.61768e-07
7.231e-07
1.22807e-07
3.67513e-07
1.45415e-07
3.13219e-08
1.97165e-07
7.60748e-07
3.40259e-07
6.88313e-07
5.72776e-07
1.10058e-06
5.37979e-07
5.66731e-07
3.25884e-07
9.25864e-07
4.96618e-07
5.82969e-07
1.50306e-07
6.66183e-07
7.02623e-07
9.85248e-07
1.29661e-07
5.8344e-07
5.49716e-07
8.28217e-07
4.80484e-07
6.85509e-07
4.6021e-07
1.86165e-07
3.50248e-07
6.61297e-07
2.79697e-07
1.58175e-07
2.79754e-07
6.29662e-07
9.55651e-08
4.13763e-07
1.66713e-07
4.51835e-07
3.47826e-07
5.72661e-07
4.82811e-07
4.35667e-07
7.34525e-07
6.88977e-07
1.56394e-07
7.21044e-07
8.2687e-07
1.06405e-06
6.02242e-07
2.28728e-07
1.94633e-07
7.39664e-07
9.74144e-07
6.97283e-07
2.00296e-07
8.88214e-07
8.03406e-07
2.26271e-07
7.54432e-07
8.58337e-07
5.07921e-07
9.53481e-07
5.88212e-07
5.53357e-07
3.22528e-07
3.23595e-07
3.23594e-07
3.2253e-07
5.53361e-07
5.88214e-07
9.5348e-07
5.07927e-07
8.5834e-07
7.54436e-07
2.26269e-07
8.03408e-07
8.88219e-07
2.003e-07
6.97284e-07
9.74142e-07
7.39667e-07
1.94635e-07
2.28727e-07
6.02242e-07
1.06405e-06
8.26873e-07
7.21044e-07
1.56392e-07
6.88976e-07
7.34527e-07
4.3567e-07
4.82811e-07
5.72662e-07
3.47825e-07
4.51838e-07
1.66713e-07
4.13764e-07
9.5567e-08
6.29663e-07
2.79757e-07
1.58177e-07
2.79695e-07
6.61294e-07
3.50247e-07
1.86164e-07
4.60209e-07
6.8551e-07
4.80484e-07
8.28219e-07
5.49714e-07
5.8344e-07
1.29657e-07
9.85246e-07
7.02622e-07
6.66183e-07
1.50309e-07
5.82965e-07
4.96619e-07
9.25864e-07
3.25885e-07
5.66728e-07
5.3798e-07
1.10058e-06
5.72776e-07
6.88314e-07
3.40257e-07
7.6075e-07
1.97165e-07
3.13222e-08
1.45412e-07
3.67512e-07
1.22806e-07
7.23097e-07
3.61769e-07
4.81922e-07
7.30596e-08
4.83004e-07
3.99901e-07
6.80274e-07
1.21181e-07
1.87474e-07
1.3286e-07
3.70318e-07
2.57641e-07
8.19343e-07
2.52914e-07
2.92156e-07
2.31498e-07
6.20147e-07
1.29992e-07
1.34945e-07
2.4731e-07
1.04181e-06
4.07695e-07
6.69459e-07
2.33845e-07
1.49833e-06
4.96271e-07
8.38942e-07
6.35483e-08
3.79898e-07
1.00874e-07
1.44315e-06
4.68618e-07
2.99715e-07
2.67944e-07
8.85192e-07
3.23079e-08
7.67344e-07
2.91665e-07
7.29413e-07
5.0119e-08
3.44444e-07
8.99572e-08
5.88105e-07
2.28183e-07
1.52579e-06
3.97645e-07
1.24527e-06
1.41848e-07
6.34845e-07
2.24329e-07
1.08123e-06
7.10811e-08
5.30333e-07
6.67754e-08
2.40572e-07
5.08244e-08
3.0278e-07
1.04916e-07
1.29444e-06
1.48915e-07
1.07107e-06
1.39911e-07
9.00097e-07
2.80427e-07
8.45469e-07
1.40647e-07
1.29513e-06
5.6846e-08
9.86737e-07
1.16656e-07
1.63985e-06
1.69324e-07
9.09539e-07
7.16725e-08
2.48359e-07
7.17388e-08
1.08097e-06
1.09446e-07
1.41726e-06
5.19983e-08
1.01277e-06
4.298e-08
9.96623e-07
9.2072e-08
2.20031e-06
1.17708e-07
2.7422e-07
1.03541e-07
1.24773e-06
1.29633e-08
8.14222e-07
5.59834e-08
3.09912e-07
7.11279e-08
1.49343e-06
2.71854e-08
9.03443e-07
7.79358e-08
4.60483e-07
1.11669e-07
1.20609e-06
5.02555e-08
8.46241e-07
5.96117e-08
2.05478e-06
1.37611e-07
6.56043e-07
1.46068e-07
1.06123e-06
1.74672e-07
1.70152e-06
1.55985e-07
2.37111e-07
1.61146e-07
7.3885e-07
1.0007e-07
7.28793e-07
1.65491e-07
1.51644e-06
1.26152e-07
1.02865e-06
2.32722e-07
1.36015e-06
8.89528e-08
1.22754e-06
4.03434e-07
1.50163e-06
5.73994e-08
9.16544e-07
1.91409e-07
5.32393e-07
2.32246e-07
1.34469e-06
2.82123e-07
8.11609e-07
3.645e-07
1.51377e-06
1.50608e-07
2.42623e-06
6.56877e-07
2.09903e-06
5.32891e-07
1.5341e-06
3.90377e-07
6.59663e-07
5.34475e-07
2.18701e-06
5.52248e-07
7.55463e-07
2.71034e-07
1.00688e-06
5.88776e-07
3.06372e-06
5.39463e-07
4.74425e-07
1.88934e-07
1.1306e-06
1.79049e-07
2.21467e-06
1.32891e-06
2.07018e-06
1.45391e-07
1.48756e-06
1.06901e-06
2.36329e-06
9.73023e-07
3.96532e-06
8.98172e-07
1.26087e-06
1.11851e-06
1.13114e-06
1.05583e-06
3.41945e-06
1.07204e-06
3.61988e-07
8.82032e-07
1.82568e-06
5.76388e-07
2.68958e-06
8.37199e-07
1.33838e-06
5.35924e-07
3.36745e-06
1.49392e-06
7.31079e-07
1.19487e-06
8.46519e-07
7.85081e-07
1.67588e-06
1.60152e-06
3.48465e-06
1.41472e-06
1.93489e-06
3.81761e-07
9.75432e-07
1.24171e-07
8.0921e-07
4.72263e-07
1.23488e-06
8.11748e-07
2.1954e-06
1.61027e-06
1.53026e-06
1.0232e-06
2.54465e-06
9.1584e-07
1.18134e-06
8.18386e-07
2.1313e-06
2.78718e-06
2.79309e-06
1.11127e-06
3.72476e-06
1.36142e-06
1.20784e-06
1.72103e-06
2.44815e-06
1.46621e-06
9.46711e-07
1.00691e-06
2.95874e-06
3.02073e-06
2.37321e-06
5.64387e-07
8.46023e-07
1.23469e-06
2.87331e-06
1.89169e-06
2.2034e-06
3.18239e-07
3.00745e-06
2.0472e-06
3.59989e-06
4.99878e-06
5.21783e-06
2.22953e-06
1.64522e-06
1.60717e-06
2.50431e-06
3.60675e-06
2.11637e-06
1.88964e-06
4.14833e-06
2.86354e-06
1.37666e-06
5.20473e-06
3.54455e-06
3.32672e-06
6.95824e-06
3.13995e-06
2.76814e-06
2.87309e-06
7.58605e-06
8.16142e-06
2.04678e-06
3.43187e-06
3.32969e-06
1.30688e-06
3.42985e-06
6.24103e-06
5.41964e-06
5.32245e-06
4.26023e-06
1.38735e-06
4.15568e-06
7.6151e-06
6.22037e-06
7.00243e-06
4.99498e-06
5.86829e-07
5.73599e-06
6.12928e-06
1.59009e-06
7.26821e-06
4.12899e-06
3.8955e-06
6.09952e-06
4.02248e-06
4.22738e-06
8.64418e-06
1.02177e-05
1.39636e-05
5.71488e-06
4.47823e-06
5.39991e-06
9.76938e-06
6.61401e-06
3.77202e-06
5.64568e-06
1.07837e-05
8.03675e-06
1.79834e-05
8.72479e-06
2.0383e-06
6.99511e-06
1.83818e-05
1.26275e-05
1.08698e-05
9.26539e-06
1.01154e-05
6.95484e-06
1.64764e-05
1.39595e-05
2.32849e-05
3.43034e-06
1.43269e-05
8.30116e-06
3.62046e-06
1.1933e-05
2.72339e-05
1.49431e-05
3.02215e-05
1.20948e-05
8.89096e-06
5.79375e-06
2.61758e-05
9.49398e-06
1.44474e-05
9.71067e-06
5.27307e-06
1.14256e-05
1.1914e-05
1.64288e-05
3.71916e-05
1.38834e-05
2.40399e-05
1.09516e-05
5.02716e-05
8.34658e-06
4.73824e-05
2.82446e-05
4.78896e-05
1.37627e-05
6.12568e-05
2.38848e-05
4.71219e-05
3.6741e-05
7.28669e-05
1.02295e-05
7.09226e-05
3.49811e-06
6.16541e-05
1.29971e-05
2.11413e-05
3.68096e-06
2.04074e-05
7.43531e-06
0.000120328
5.08603e-05
0.0002035
2.93001e-05
0.000181414
7.52083e-05
7.48763e-05
3.11623e-05
9.07371e-05
0.000332389
0.000141874
0.000920271
0.00313392
0.0347329
0.13651
0.300077
1.29575
1.181
0.565485
1.50668
2.37041
5.82988
9.96807
9.5214
6.02784
3.35524
7.75685
10.8296
8.37248
10.2934
14.7983
16.3583
11.2355
5.99254
3.44811
2.21463
6.2031
12.4995
19.1395
14.8063
4.50624
18.498
15.9028
4.80231
6.78252
3.63726
10.0593
8.14217
9.41024
5.25798
9.07567
15.4294
7.50334
7.63792
16.8602
14.3125
4.05962
7.48975
12.2557
11.337
2.83641
12.7999
19.1752
12.4019
3.02867
6.90149
4.91141
21.9291
23.4683
9.9605
13.4202
8.94166
6.60829
8.34262
4.6736
14.1725
15.5315
7.26937
12.2408
16.9862
9.39567
9.80855
16.4
21.7123
22.6998
18.0497
6.96529
13.135
10.718
9.82128
25.2083
26.0854
26.1546
23.2533
9.51022
5.59408
2.97508
9.06408
15.4867
13.2874
8.19822
5.85198
8.04555
2.8318
16.9605
15.4307
7.9542
7.67848
15.8341
41.3954
45.8322
33.3241
19.4494
15.7491
16.8177
27.2572
27.8183
16.2509
23.4064
6.66846
27.7401
37.1314
22.5721
9.01888
8.56987
12.8566
16.9199
16.734
11.2191
41.8084
42.7283
20.8095
17.7582
7.10989
13.7528
22.6273
15.0965
8.8958
17.9603
21.6433
52.4315
59.9122
27.0333
23.3439
30.1303
17.3116
25.2819
26.0674
13.4681
17.4247
35.2618
28.4164
26.7492
41.2294
61.5601
50.0384
26.0791
78.0553
85.8085
54.5465
26.6393
9.40618
25.8939
59.0239
75.7057
56.892
34.0614
23.1516
17.6941
13.5193
27.8755
55.5588
58.6179
52.4752
50.1007
61.5704
61.0785
38.703
48.7505
104.381
126.477
81.4458
18.6136
42.2743
43.4594
32.0513
41.207
62.4494
50.7684
29.4581
20.1493
8.09266
27.1948
24.6928
15.4024
11.6426
4.31368
4.74595
10.4968
