23.2085
13.9301
11.0324
17.7599
11.088
3.96894
14.8635
18.9032
12.0242
8.51644
10.535
6.07475
1.48805
4.53469
10.1296
14.0663
15.5435
15.4823
37.395
54.9481
44.1964
35.4107
51.3456
38.0253
32.8795
63.7987
63.609
42.6632
31.0491
38.8547
54.8766
45.6344
18.8675
33.4235
51.1883
61.2425
64.2771
50.1728
15.8785
19.6883
31.7404
20.2621
21.4531
35.9203
44.2913
38.2226
16.1537
26.0546
40.8804
30.6037
10.8742
28.2024
37.3618
22.1984
8.71829
33.3476
43.6163
49.1976
43.0155
15.0535
20.5391
39.0292
31.8256
16.9882
11.3704
7.07541
17.185
17.4652
22.8795
34.1561
29.1178
10.5919
2.91157
10.7726
28.6751
36.606
27.9324
17.9374
13.2602
12.2345
14.8678
16.9067
13.6572
5.05348
7.65944
4.87884
8.89258
11.3084
15.583
20.8403
13.8742
1.40546
4.95518
4.83996
13.6246
17.9822
29.3877
35.4298
21.7398
5.71346
24.8781
30.0424
23.9751
15.9228
12.1885
12.0669
10.3021
4.69932
1.53368
5.70591
8.23888
8.42662
7.1032
4.46676
7.46772
18.8737
26.6093
25.0059
15.8405
6.54124
5.54417
7.44796
5.82649
5.21496
7.41446
8.81988
12.1459
16.9646
18.5765
14.065
9.2079
7.83667
6.75663
7.70973
14.8953
16.5505
7.10286
4.77812
7.05758
2.52856
4.71361
6.33708
6.68083
8.76662
11.3737
14.2572
18.7874
19.8756
15.7706
6.16273
8.54533
8.35798
3.81305
8.83575
7.03495
12.6777
12.1101
5.39287
4.52057
8.99403
11.6837
10.2658
7.59105
6.07255
7.62825
4.46259
13.2571
13.8533
2.31332
8.16378
7.05797
0.965
5.65848
6.6966
2.61653
4.77139
6.1034
1.47193
7.6616
7.0426
2.64615
0.734174
0.567393
0.901936
0.210155
0.114548
0.0303245
0.00212459
0.00171085
0.000223127
9.40763e-05
0.000198886
9.7313e-05
0.00012104
9.67039e-05
0.000182855
1.74507e-05
0.000170514
6.97725e-05
0.000192239
2.61673e-05
0.000171563
5.91996e-05
0.000126995
3.382e-05
9.17311e-05
5.29367e-06
6.00893e-05
2.56002e-05
0.000134734
3.07052e-05
5.09131e-05
3.82578e-05
6.06965e-05
1.54967e-05
7.19001e-05
3.482e-05
3.64252e-05
2.0579e-05
7.61918e-05
1.54479e-05
1.62235e-05
1.00302e-05
3.47135e-05
1.90582e-05
8.76208e-06
1.52533e-05
3.62594e-05
1.22548e-05
3.34098e-05
1.61114e-05
2.21939e-05
4.39184e-06
6.08836e-06
3.96762e-06
2.12398e-05
1.72422e-05
2.03044e-05
1.54418e-06
1.34808e-05
1.21278e-05
1.99998e-05
4.76991e-06
1.20695e-05
2.69631e-06
1.61199e-05
1.58722e-05
1.50958e-05
4.18085e-06
1.23484e-05
2.66225e-06
9.47828e-06
5.66747e-06
6.29368e-06
9.83281e-06
1.33405e-05
4.40639e-06
4.59681e-06
7.4285e-06
2.74415e-06
8.70758e-06
1.50672e-05
3.30806e-06
7.44905e-06
6.25469e-06
4.82996e-06
2.73901e-06
6.95567e-06
2.52874e-06
6.27189e-06
6.4307e-06
5.57232e-06
3.58475e-06
2.37315e-06
3.03721e-06
3.57416e-06
7.63284e-06
5.67779e-06
2.68412e-06
6.00721e-06
3.87843e-06
4.55348e-06
1.25919e-06
3.82046e-06
4.44997e-06
4.63753e-06
2.11163e-06
2.93411e-06
5.08947e-06
5.82248e-06
4.40793e-06
2.507e-06
9.969e-07
3.73864e-06
4.61712e-06
3.19532e-06
3.05679e-06
3.91345e-06
4.04877e-06
2.40548e-06
2.57299e-06
1.36983e-06
6.10244e-07
2.56726e-06
5.99689e-06
4.92228e-06
7.86912e-07
2.4958e-06
1.5181e-06
2.12744e-06
4.44118e-06
2.58911e-06
5.01207e-07
2.39742e-06
2.34601e-06
1.86914e-06
3.00885e-06
1.11078e-06
3.34842e-06
2.7433e-06
2.24603e-06
1.60625e-06
1.54442e-06
1.20387e-06
2.46019e-06
1.84804e-06
2.44824e-06
2.24029e-06
2.4076e-06
2.20293e-06
3.18501e-06
1.33345e-06
1.5867e-06
1.84555e-06
3.0757e-06
1.33453e-06
9.33712e-07
2.84539e-07
5.79201e-07
1.41962e-06
3.24642e-06
1.21057e-06
1.36714e-06
9.48513e-07
2.11222e-06
1.66533e-06
1.58398e-06
1.19328e-06
1.71326e-06
1.02367e-06
2.40718e-06
1.42798e-06
1.85542e-06
3.5553e-07
6.58514e-07
1.52991e-06
4.53613e-06
1.65907e-06
1.36714e-06
1.66002e-06
2.27616e-06
1.49133e-06
3.64425e-06
9.77162e-07
1.1168e-06
6.0622e-07
1.31731e-06
4.31687e-07
1.64743e-06
8.98937e-07
5.50023e-07
4.23833e-07
1.24136e-06
4.30344e-07
1.46336e-06
1.17085e-06
2.52516e-06
7.96742e-07
2.1948e-06
4.37087e-07
5.20898e-07
2.69226e-07
1.3429e-06
5.30594e-07
6.28347e-07
8.32236e-07
1.61096e-06
4.18097e-07
2.88235e-06
6.72649e-07
5.68605e-07
3.9985e-07
4.77533e-07
5.78567e-07
1.84594e-06
3.40921e-07
2.61979e-06
9.08114e-07
7.53651e-07
5.56977e-07
2.17133e-06
1.85754e-07
1.06694e-06
3.70348e-07
1.51367e-06
3.01853e-07
6.52921e-07
1.12533e-07
1.33616e-06
4.57303e-07
1.92153e-06
3.21862e-07
1.14043e-06
3.96179e-07
1.71267e-06
4.06167e-07
1.49053e-06
3.12606e-07
1.23839e-06
2.1316e-07
8.45087e-07
1.0961e-07
1.30328e-06
7.48597e-08
1.81166e-06
3.35947e-07
9.7455e-07
9.17412e-08
1.03386e-06
1.4909e-07
8.28029e-07
2.07061e-07
8.54756e-07
1.27448e-07
2.12468e-06
2.66163e-07
8.75539e-07
6.69447e-08
6.77256e-07
3.80465e-08
6.10846e-07
5.49044e-09
5.81104e-07
1.72947e-08
7.31376e-07
8.04751e-08
5.49569e-07
9.75273e-09
8.10537e-07
8.35266e-08
1.11198e-06
5.7604e-08
5.79769e-07
3.85656e-09
7.29532e-07
8.21157e-08
1.53733e-06
1.03855e-07
1.8673e-06
5.56624e-08
4.37795e-07
5.73698e-08
4.46763e-07
4.62786e-08
1.03976e-06
5.85081e-08
8.57603e-07
6.98394e-08
1.40128e-07
3.67629e-08
3.41684e-07
1.54651e-07
2.17948e-06
1.81811e-07
2.10564e-06
2.2564e-07
1.47227e-06
8.76418e-08
2.75858e-07
6.24772e-08
9.68847e-07
1.15072e-07
3.26899e-07
1.08556e-07
7.25193e-07
9.93718e-08
7.38929e-07
5.01508e-08
2.71839e-07
1.76517e-07
1.64092e-06
1.99181e-07
6.04569e-07
3.24387e-07
1.58934e-06
1.87671e-07
8.21365e-07
2.42396e-07
9.51585e-07
1.50877e-07
1.59986e-06
4.18427e-07
1.06455e-06
1.471e-07
6.36497e-07
1.3827e-07
1.82383e-06
5.57479e-07
1.38479e-06
8.4788e-08
7.3682e-07
2.88947e-07
8.89687e-07
1.8384e-07
7.62743e-07
2.78682e-07
3.17331e-07
5.45814e-07
1.60533e-06
1.73309e-07
1.09057e-06
2.80338e-07
1.66244e-06
7.43716e-07
1.74493e-06
2.9422e-07
3.64697e-07
3.82209e-07
1.36552e-06
3.77164e-07
2.7737e-07
2.49129e-07
2.44642e-07
5.18352e-07
1.14963e-06
1.2845e-07
8.61524e-07
2.2402e-07
8.9883e-07
6.89364e-07
1.55509e-06
3.79317e-07
3.2855e-07
4.58186e-07
5.39878e-07
3.574e-07
1.46003e-06
5.30795e-07
2.35463e-07
2.12706e-07
7.03593e-07
1.53712e-07
5.15729e-07
3.62691e-07
3.86374e-07
5.59848e-07
1.42363e-06
7.44959e-07
7.50992e-07
1.68728e-07
7.32064e-07
6.29409e-07
1.00958e-06
3.25917e-07
4.9434e-07
2.8029e-07
3.31359e-07
1.35545e-07
3.55894e-07
3.41314e-07
6.30446e-07
3.42554e-07
8.48896e-07
6.546e-07
6.19041e-07
5.13589e-07
7.65318e-07
3.36939e-07
3.52702e-07
7.45527e-07
1.42529e-06
5.97983e-07
2.32204e-07
4.98529e-07
4.42083e-07
5.26537e-08
4.81623e-07
3.90265e-07
2.17894e-07
1.05561e-07
3.50547e-07
5.89617e-07
6.83452e-07
2.40565e-07
1.1206e-07
2.62687e-07
5.30799e-07
2.80453e-07
2.70917e-07
6.18306e-07
5.79578e-07
1.36131e-07
6.34169e-07
5.36669e-07
2.84599e-07
3.58753e-07
1.78123e-07
1.83322e-07
1.8271e-07
3.17674e-07
5.6119e-07
3.81757e-07
1.58393e-07
1.58393e-07
3.81752e-07
5.61188e-07
3.17673e-07
1.82713e-07
1.83323e-07
1.78125e-07
3.58753e-07
2.84597e-07
5.3667e-07
6.34166e-07
1.36134e-07
5.79575e-07
6.18304e-07
2.70916e-07
2.80454e-07
5.30799e-07
2.62689e-07
1.12061e-07
2.40565e-07
6.83449e-07
5.89621e-07
3.50548e-07
1.0556e-07
2.17894e-07
3.90266e-07
4.81626e-07
5.26571e-08
4.42084e-07
4.98527e-07
2.32202e-07
5.97983e-07
1.42529e-06
7.45524e-07
3.52705e-07
3.36939e-07
7.65318e-07
5.13589e-07
6.19043e-07
6.54596e-07
8.48896e-07
3.42555e-07
6.30445e-07
3.41316e-07
3.55892e-07
1.35544e-07
3.31361e-07
2.8029e-07
4.9434e-07
3.25918e-07
1.00958e-06
6.29408e-07
7.32063e-07
1.68729e-07
7.50991e-07
7.44961e-07
1.42363e-06
5.59848e-07
3.86374e-07
3.62693e-07
5.15729e-07
1.53712e-07
7.03592e-07
2.12704e-07
2.35463e-07
5.30794e-07
1.46003e-06
3.574e-07
5.3988e-07
4.58186e-07
3.2855e-07
3.79316e-07
1.55509e-06
6.89363e-07
8.9883e-07
2.24021e-07
8.61524e-07
1.28451e-07
1.14963e-06
5.18353e-07
2.44642e-07
2.4913e-07
2.77369e-07
3.77165e-07
1.36551e-06
3.82209e-07
3.64698e-07
2.94221e-07
1.74493e-06
7.43718e-07
1.66245e-06
2.80337e-07
1.09057e-06
1.73309e-07
1.60533e-06
5.45813e-07
3.17329e-07
2.78683e-07
7.62746e-07
1.83841e-07
8.89686e-07
2.88944e-07
7.3682e-07
8.4789e-08
1.38479e-06
5.57478e-07
1.82383e-06
1.3827e-07
6.36498e-07
1.47099e-07
1.06455e-06
4.18427e-07
1.59986e-06
1.50878e-07
9.51583e-07
2.42395e-07
8.21364e-07
1.87671e-07
1.58934e-06
3.24386e-07
6.04567e-07
1.99182e-07
1.64093e-06
1.76515e-07
2.71835e-07
5.01521e-08
7.38929e-07
9.937e-08
7.25191e-07
1.08557e-07
3.26898e-07
1.15074e-07
9.68847e-07
6.24736e-08
2.75857e-07
8.76437e-08
1.47227e-06
2.2564e-07
2.10564e-06
1.81809e-07
2.17948e-06
1.54654e-07
3.41683e-07
3.6765e-08
1.40128e-07
6.98412e-08
8.57602e-07
5.8509e-08
1.03977e-06
4.62778e-08
4.4676e-07
5.73716e-08
4.37791e-07
5.56607e-08
1.8673e-06
1.03852e-07
1.53733e-06
8.21122e-08
7.29531e-07
3.85405e-09
5.79771e-07
5.76027e-08
1.11198e-06
8.35302e-08
8.10539e-07
9.75434e-09
5.49565e-07
8.04765e-08
7.31375e-07
1.72924e-08
5.81105e-07
5.48907e-09
6.10847e-07
3.80462e-08
6.77257e-07
6.69445e-08
8.7554e-07
2.66165e-07
2.12468e-06
1.27446e-07
8.54756e-07
2.07061e-07
8.28031e-07
1.49089e-07
1.03386e-06
9.17418e-08
9.74551e-07
3.35945e-07
1.81166e-06
7.48571e-08
1.30328e-06
1.09611e-07
8.45088e-07
2.13161e-07
1.2384e-06
3.12604e-07
1.49053e-06
4.06169e-07
1.71267e-06
3.96179e-07
1.14043e-06
3.21861e-07
1.92153e-06
4.57303e-07
1.33616e-06
1.12533e-07
6.52923e-07
3.01852e-07
1.51367e-06
3.70347e-07
1.06694e-06
1.85753e-07
2.17133e-06
5.56976e-07
7.5365e-07
9.08116e-07
2.61979e-06
3.40924e-07
1.84594e-06
5.78564e-07
4.77532e-07
3.99849e-07
5.68602e-07
6.72649e-07
2.88235e-06
4.18099e-07
1.61096e-06
8.32236e-07
6.28347e-07
5.30595e-07
1.3429e-06
2.6923e-07
5.20899e-07
4.37089e-07
2.1948e-06
7.96739e-07
2.52516e-06
1.17085e-06
1.46335e-06
4.30343e-07
1.24136e-06
4.23834e-07
5.50024e-07
8.98936e-07
1.64743e-06
4.31688e-07
1.31731e-06
6.06222e-07
1.1168e-06
9.7716e-07
3.64425e-06
1.49133e-06
2.27616e-06
1.66002e-06
1.36714e-06
1.65907e-06
4.53613e-06
1.5299e-06
6.58512e-07
3.55529e-07
1.85542e-06
1.42798e-06
2.40718e-06
1.02367e-06
1.71327e-06
1.19328e-06
1.58398e-06
1.66532e-06
2.11222e-06
9.48512e-07
1.36714e-06
1.21057e-06
3.24642e-06
1.41962e-06
5.79201e-07
2.84542e-07
9.33712e-07
1.33453e-06
3.0757e-06
1.84555e-06
1.5867e-06
1.33345e-06
3.18501e-06
2.20293e-06
2.4076e-06
2.24029e-06
2.44824e-06
1.84804e-06
2.46019e-06
1.20387e-06
1.54442e-06
1.60625e-06
2.24603e-06
2.7433e-06
3.34842e-06
1.11078e-06
3.00885e-06
1.86915e-06
2.346e-06
2.39742e-06
5.01208e-07
2.58911e-06
4.44118e-06
2.12744e-06
1.51811e-06
2.4958e-06
7.86914e-07
4.92228e-06
5.99689e-06
2.56725e-06
6.10246e-07
1.36983e-06
2.57299e-06
2.40547e-06
4.04877e-06
3.91345e-06
3.05679e-06
3.19532e-06
4.61712e-06
3.73865e-06
9.96898e-07
2.507e-06
4.40793e-06
5.82248e-06
5.08947e-06
2.93411e-06
2.11163e-06
4.63753e-06
4.44997e-06
3.82046e-06
1.25919e-06
4.55348e-06
3.87842e-06
6.0072e-06
2.68412e-06
5.67778e-06
7.63284e-06
3.57416e-06
3.03721e-06
2.37315e-06
3.58475e-06
5.57232e-06
6.4307e-06
6.27189e-06
2.52874e-06
6.95567e-06
2.73901e-06
4.82996e-06
6.25469e-06
7.44905e-06
3.30806e-06
1.50672e-05
8.70758e-06
2.74414e-06
7.42851e-06
4.59681e-06
4.40638e-06
1.33405e-05
9.8328e-06
6.29368e-06
5.66747e-06
9.47829e-06
2.66225e-06
1.23484e-05
4.18085e-06
1.50958e-05
1.58722e-05
1.61199e-05
2.69631e-06
1.20695e-05
4.76991e-06
1.99998e-05
1.21278e-05
1.34808e-05
1.54419e-06
2.03044e-05
1.72422e-05
2.12398e-05
3.96762e-06
6.08836e-06
4.39184e-06
2.21939e-05
1.61114e-05
3.34098e-05
1.22548e-05
3.62594e-05
1.52533e-05
8.76208e-06
1.90582e-05
3.47135e-05
1.00302e-05
1.62235e-05
1.54479e-05
7.61918e-05
2.0579e-05
3.64252e-05
3.482e-05
7.19001e-05
1.54967e-05
6.06965e-05
3.82578e-05
5.09131e-05
3.07052e-05
0.000134734
2.56002e-05
6.00893e-05
5.29367e-06
9.17311e-05
3.382e-05
0.000126995
5.91996e-05
0.000171563
2.61673e-05
0.000192239
6.97725e-05
0.000170514
1.74507e-05
0.000182855
9.67039e-05
0.00012104
9.7313e-05
0.000198886
9.40763e-05
0.000223127
0.00171085
0.00212459
0.0303245
0.114548
0.210155
0.901936
0.567393
0.734174
2.64615
7.0426
7.6616
1.47193
6.1034
4.77139
2.61653
6.6966
5.65848
0.965
7.05797
8.16378
2.31332
13.8533
13.2571
4.46259
7.62825
6.07255
7.59105
10.2658
11.6837
8.99403
4.52057
5.39287
12.1101
12.6777
7.03495
8.83575
3.81305
8.35798
8.54533
6.16273
15.7706
19.8756
18.7874
14.2572
11.3737
8.76662
6.68083
6.33708
4.71361
2.52856
7.05758
4.77812
7.10286
16.5505
14.8953
7.70973
6.75663
7.83667
9.2079
14.065
18.5765
16.9646
12.1459
8.81988
7.41446
5.21496
5.82649
7.44796
5.54417
6.54124
15.8405
25.0059
26.6093
18.8737
7.46772
4.46676
7.1032
8.42662
8.23888
5.70591
1.53368
4.69932
10.3021
12.0669
12.1885
15.9228
23.9751
30.0424
24.8781
5.71346
21.7398
35.4298
29.3877
17.9822
13.6246
4.83996
4.95518
1.40546
13.8742
20.8403
15.583
11.3084
8.89258
4.87884
7.65944
5.05348
13.6572
16.9067
14.8678
12.2345
13.2602
17.9374
27.9324
36.606
28.6751
10.7726
2.91157
10.5919
29.1178
34.1561
22.8795
17.4652
17.185
7.07541
11.3704
16.9882
31.8256
39.0292
20.5391
15.0535
43.0155
49.1976
43.6163
33.3476
8.71829
22.1984
37.3618
28.2024
10.8742
30.6037
40.8804
26.0546
16.1537
38.2226
44.2913
35.9203
21.4531
20.2621
31.7404
19.6883
15.8785
50.1728
64.2771
61.2425
51.1883
33.4235
18.8675
45.6344
54.8766
38.8547
31.0491
42.6632
63.609
63.7987
32.8795
38.0253
51.3456
35.4107
44.1964
54.9481
37.395
15.4823
15.5435
14.0663
10.1296
4.53469
1.48805
6.07475
10.535
8.51644
12.0242
18.9032
14.8635
3.96894
11.088
17.7599
11.0324
13.9301
