1.54767e-10
5.60636e-09
1.21391e-08
1.64557e-08
1.0077e-08
-9.50367e-09
-3.08545e-08
-2.85768e-08
4.38471e-09
4.22586e-08
5.31433e-08
2.44248e-08
-2.68122e-08
-4.99672e-08
-7.99545e-09
4.05731e-08
3.36916e-08
-4.41195e-08
-9.30806e-08
-1.93925e-08
1.04219e-07
1.20077e-07
1.84303e-09
-1.38113e-07
-1.54388e-07
3.24766e-09
1.96586e-07
2.70813e-07
9.23821e-08
-2.92329e-07
-5.70592e-07
-4.35475e-07
2.15794e-07
9.0366e-07
8.78015e-07
-9.24782e-09
-1.03262e-06
-1.27148e-06
-4.75924e-07
8.30407e-07
1.59465e-06
1.18002e-06
-1.87796e-07
-1.45854e-06
-1.56898e-06
-3.89291e-07
1.04462e-06
1.5661e-06
7.73242e-07
-6.3241e-07
-1.39065e-06
-7.53666e-07
5.73138e-07
1.2756e-06
6.57629e-07
-7.63927e-07
-1.58952e-06
-9.98329e-07
6.83276e-07
2.09555e-06
1.86819e-06
-1.21937e-07
-2.36928e-06
-2.95116e-06
-1.16946e-06
1.83227e-06
3.71881e-06
2.81362e-06
-4.81981e-07
-3.72686e-06
-4.37825e-06
-1.6028e-06
2.88061e-06
5.66735e-06
4.26843e-06
-7.09824e-07
-5.72727e-06
-6.74014e-06
-2.47891e-06
4.33277e-06
8.3649e-06
5.99889e-06
-1.46378e-06
-8.38401e-06
-9.1072e-06
-2.40374e-06
6.91515e-06
1.14301e-05
7.11395e-06
-3.126e-06
-1.16316e-05
-1.15749e-05
-2.39492e-06
9.31133e-06
1.45827e-05
8.73704e-06
-4.55402e-06
-1.53925e-05
-1.50741e-05
-2.85627e-06
1.26024e-05
1.93355e-05
1.12464e-05
-6.38026e-06
-2.03772e-05
-1.93849e-05
-3.06053e-06
1.68724e-05
2.49555e-05
1.38399e-05
-9.19073e-06
-2.669e-05
-2.42799e-05
-2.26244e-06
2.33532e-05
3.25385e-05
1.67495e-05
-1.32701e-05
-3.48469e-05
-3.04417e-05
-1.84829e-06
2.98773e-05
3.9867e-05
1.89585e-05
-1.79208e-05
-4.26593e-05
-3.51343e-05
2.33627e-07
3.69212e-05
4.62734e-05
1.97879e-05
-2.32208e-05
-4.96402e-05
-3.81124e-05
3.71692e-06
4.37835e-05
5.09606e-05
1.89704e-05
-2.81606e-05
-5.38861e-05
-3.78559e-05
7.79934e-06
4.7685e-05
5.07877e-05
1.45292e-05
-3.31001e-05
-5.54835e-05
-3.5477e-05
1.13797e-05
4.8989e-05
4.86652e-05
1.11635e-05
-3.41336e-05
-5.24656e-05
-3.06577e-05
1.36422e-05
4.60455e-05
4.25326e-05
7.54839e-06
-3.09154e-05
-4.38693e-05
-2.35843e-05
1.19845e-05
3.51788e-05
3.05891e-05
5.04815e-06
-2.02431e-05
-2.7296e-05
-1.45207e-05
4.66231e-06
1.54035e-05
1.34573e-05
5.40841e-06
-3.26821e-07
-2.20031e-06
-4.96109e-06
-1.11624e-05
-1.50442e-05
-7.2726e-06
1.30028e-05
3.19687e-05
2.99044e-05
1.47749e-07
-3.93511e-05
-5.59255e-05
-2.85653e-05
2.98064e-05
7.57609e-05
6.69738e-05
-2.28572e-08
-7.92723e-05
-0.000105631
-4.78543e-05
5.89553e-05
0.000132427
0.000106407
-1.11434e-05
-0.000134933
-0.000163061
-6.04456e-05
0.000103682
0.000201317
0.00014517
-3.50386e-05
-0.000204569
-0.000224067
-6.35339e-05
0.000162945
0.000277041
0.000176627
-7.47768e-05
-0.000285621
-0.000282058
-5.10346e-05
0.000237498
0.000354713
0.000194699
-0.000131881
-0.00037289
-0.000329536
-2.00644e-05
0.000322358
0.000425223
0.000194021
-0.000202928
-0.000456571
-0.000358275
2.87824e-05
0.000408348
0.000478273
0.000171685
-0.000281046
-0.000525593
-0.000361763
9.21904e-05
0.000484513
0.000503413
0.000125734
-0.000357455
-0.000566383
-0.000332225
0.000165963
0.000537888
0.000489515
5.70358e-05
-0.00041974
-0.000565868
-0.000268327
0.000235518
0.000547849
0.000426806
-2.40292e-05
-0.000443301
-0.000503526
-0.000169889
0.000280589
0.000489854
0.000306324
-0.00010311
-0.000402154
-0.00036362
-4.55068e-05
0.000274542
0.000341491
0.000129961
-0.0001537
-0.000265504
-0.000136069
8.46327e-05
0.000181273
7.80394e-05
-9.60507e-05
-0.000142646
9.54061e-07
0.00018684
0.000194425
-3.91898e-05
-0.000321092
-0.000354538
-2.66922e-05
0.000432669
0.000603083
0.000243618
-0.000435184
-0.000874204
-0.000617003
0.000248562
0.00106637
0.00109972
0.000176378
-0.00106155
-0.00158794
-0.00083107
0.000756142
0.00193342
0.00163051
-0.000102818
-0.00197921
-0.00241038
-0.000840076
0.00162518
0.00293981
0.001793
-0.00104433
-0.00289674
-0.000997643
0.00527522
0.0134686
0.0193423
0.0196617
0.0145497
0.00762152
0.00367203
0.00550312
0.0121683
0.0198938
0.024923
0.0260755
0.0250545
0.0243391
0.0244696
0.0230837
0.0167134
0.00409506
-0.0116212
-0.0237372
-0.0256888
-0.0151689
0.00407175
0.0238737
0.0355488
0.0335142
0.0168778
-0.0110143
-0.0438
-0.0731555
-0.0901239
-0.0878524
-0.0656981
-0.03229
-0.00391589
0.00344022
-0.0146633
-0.0439432
-0.0553646
-0.0212243
0.0646187
0.175752
0.26165
0.27429
0.1987
0.0677439
-0.0511754
-0.0928554
-0.0337299
0.0908391
0.20425
0.232653
0.149224
-0.00875085
-0.161186
-0.232197
-0.193886
-0.0802662
0.0361741
0.0891885
0.0562155
-0.0337525
-0.123985
-0.167438
-0.152774
-0.10389
-0.056891
-0.0328854
-0.0256984
-0.0111089
0.0314694
0.101712
0.177477
0.229381
0.239151
0.208766
0.155669
0.0999714
0.0543688
0.0234684
0.0103189
0.0218758
0.0666948
0.145797
0.244755
0.335425
0.388656
0.390276
0.348912
0.289246
0.234745
0.191851
0.147044
0.0790194
-0.0227794
-0.146862
-0.264073
-0.344787
-0.376765
-0.371142
-0.352738
-0.342341
-0.344199
-0.347743
-0.341471
-0.327377
-0.323325
-0.349497
-0.407332
-0.46647
-0.471699
-0.369542
-0.140889
0.179499
0.509701
0.752434
0.836734
0.748528
0.534823
0.279891
0.0660924
-0.060877
-0.105659
-0.110718
-0.126135
-0.178995
-0.259076
-0.328003
-0.345498
-0.296287
-0.200442
-0.0996155
-0.0266851
0.0221088
0.0928779
0.25017
0.534335
0.924655
1.33217
1.63048
1.71062
1.53095
1.13483
0.626921
0.123028
-0.29764
-0.612267
-0.840056
-1.00872
-1.12683
-1.17934
-1.1455
-1.022
-0.832692
-0.617641
-0.411524
-0.22892
-0.0678967
0.0725156
0.17759
0.220081
0.181809
0.0774146
-0.0410451
-0.107929
-0.0840681
0.014122
0.119658
0.155288
0.0848361
-0.0588985
-0.190528
-0.224142
-0.127344
0.059058
0.249307
0.369549
0.403861
0.397413
0.414989
0.485193
0.571643
0.593975
0.486031
0.251049
-0.0261925
-0.221916
-0.244975
-0.0915724
0.152204
0.361038
0.440915
0.375162
0.220411
0.0613394
-0.0411981
-0.0741269
-0.057676
-0.0110599
0.0703509
0.207129
0.404559
0.625815
0.795532
0.837162
0.72083
0.487998
0.23329
0.052781
-0.00867262
0.0224145
0.0721021
0.0693165
-0.0114648
-0.141606
-0.265409
-0.340507
-0.362579
-0.35958
-0.363994
-0.386582
-0.41146
-0.41413
-0.385801
-0.343089
-0.314599
-0.315109
-0.328985
-0.318347
-0.252647
-0.138731
-0.0273926
0.0128573
-0.0586095
-0.218106
-0.375761
-0.413686
-0.245428
0.135373
0.643795
1.13616
1.46959
1.5591
1.40653
1.09106
0.730203
0.431542
0.25641
0.20766
0.241587
0.294193
0.308351
0.251168
0.117571
-0.0767455
-0.305733
-0.540098
-0.748953
-0.899264
-0.958798
-0.905819
-0.742544
-0.503949
-0.253222
-0.0615807
0.0200244
-0.0168875
-0.134968
-0.269464
-0.358934
-0.37155
-0.313186
-0.214762
-0.108665
-0.00961044
0.0891835
0.204574
0.346516
0.507398
0.663608
0.78633
0.853222
0.854126
0.790027
0.669697
0.5086
0.330216
0.165382
0.0450915
-0.0126675
-0.015003
0.00411064
-0.00317764
-0.0756401
-0.222211
-0.415582
-0.604359
-0.737112
-0.784869
-0.750233
-0.659944
-0.547506
-0.437224
-0.338329
-0.250343
-0.173734
-0.117532
-0.0985861
-0.132893
-0.224205
-0.356563
-0.495394
-0.597836
-0.628805
-0.576288
-0.458665
-0.319207
-0.208236
-0.160045
-0.17604
-0.224191
-0.257077
-0.239918
-0.172574
-0.0912141
-0.0465207
-0.0699002
-0.147975
-0.222118
-0.215273
-0.0714962
0.214541
0.594833
0.992287
1.33583
1.58477
1.72972
1.77398
1.71239
1.52574
1.1965
0.736177
0.204459
-0.29584
-0.650597
-0.779584
-0.673353
-0.403197
-0.097728
0.10566
0.115428
-0.0755124
-0.384335
-0.67131
-0.801296
-0.709612
-0.441813
-0.143861
3.12609e-05
-0.142415
-0.576831
-1.16465
-1.67843
-1.90699
-1.75725
-1.29784
-0.71949
-0.233775
0.0327902
0.0899685
0.0542563
0.0612746
0.176819
0.361403
0.506973
0.51783
0.380671
0.178067
0.0381856
0.0552374
0.232654
0.48407
0.688466
0.76162
0.698405
0.562639
0.436687
0.367651
0.345342
0.322682
0.259684
0.157907
0.0614312
0.025075
0.0730653
0.176921
0.267507
0.273508
0.162202
-0.0417668
-0.269376
-0.442797
-0.512684
-0.477788
-0.3792
-0.275521
-0.213515
-0.208424
-0.240983
-0.26948
-0.249108
-0.149475
0.0362215
0.292084
0.58772
0.888464
1.16271
1.38422
1.53095
1.58379
1.5281
1.35791
1.07971
0.712918
0.286433
-0.16553
-0.604724
-0.986948
-1.26184
-1.38141
-1.3197
-1.09613
-0.786711
-0.508249
-0.373891
-0.437341
-0.655917
-0.898429
-1.00174
-0.851282
-0.443407
0.106538
0.617708
0.931587
0.986623
0.839614
0.624563
0.475349
0.457472
0.545593
0.654151
0.697094
0.638606
0.506708
0.367117
0.278626
0.259085
0.280429
0.29113
0.248835
0.143247
-0.00129118
-0.140822
-0.23334
-0.255718
-0.21033
-0.121608
-0.0257327
0.0428817
0.064503
0.0418741
-0.00148153
-0.0335704
-0.0319682
0.00242293
0.0454244
0.0653435
0.0456036
-0.000931576
-0.0373899
-0.0269001
0.0394809
0.130156
0.186318
0.155022
0.0219912
-0.176783
-0.372462
-0.499134
-0.525872
-0.466443
-0.363493
-0.260519
-0.181055
-0.126814
-0.0914216
-0.0754246
-0.0892102
-0.141773
-0.225702
-0.312474
-0.364333
-0.355912
-0.290471
-0.198739
-0.120528
-0.0813821
-0.0796715
-0.091556
-0.0884896
-0.0539012
0.0119812
0.0999925
0.203631
0.323612
0.461653
0.609635
0.744762
0.836854
0.864018
0.825668
0.743147
0.64713
0.560723
0.490056
0.428123
0.367288
0.309444
0.265238
0.242984
0.236701
0.224052
0.17771
0.0833312
-0.0482501
-0.183603
-0.283124
-0.321232
-0.298237
-0.237768
-0.172931
-0.13036
-0.12067
-0.138302
-0.168112
-0.193939
-0.205726
-0.203848
-0.199759
-0.211559
-0.254011
-0.326216
-0.404432
-0.447791
-0.418144
-0.304794
-0.13789
0.0221403
0.11734
0.128882
0.0929786
0.0820152
0.159394
0.336135
0.558992
0.740466
0.812533
0.768242
0.662177
0.569001
0.529497
0.523725
0.492235
0.391047
0.239348
0.121254
0.13461
0.319173
0.6151
0.885325
0.992465
0.881806
0.614792
0.328919
0.14934
0.110826
0.142351
0.124198
-0.0220703
-0.272806
-0.512593
-0.608788
-0.499748
-0.237363
0.0438364
0.209236
0.203125
0.0736629
-0.0685561
-0.126488
-0.0751644
0.0333729
0.116074
0.119489
0.0525426
-0.0276197
-0.0616162
-0.0301096
0.0368792
0.0867187
0.0842473
0.0352293
-0.0219624
-0.0473165
-0.0282266
0.0142598
0.0443514
0.0393865
0.00538065
-0.0300907
-0.0404078
-0.0197972
0.0139706
0.0346816
0.0279005
0.000829089
-0.024747
-0.0298506
-0.012265
0.0131077
0.0267053
0.0192859
-0.00196265
-0.0200738
-0.0217541
-0.00704198
0.0117642
0.0202751
0.0129478
-0.00346537
-0.0159539
-0.0154967
-0.00349665
0.0101175
0.0150296
0.00829807
-0.0040545
-0.0123098
-0.0106512
-0.00118855
0.00831236
0.0107478
0.00494181
-0.00400665
-0.00911874
-0.00694184
0.000193511
0.00647257
0.0072941
0.00260146
-0.0035308
-0.00637492
-0.00416518
0.000891498
0.00470088
0.00456588
0.00105605
-0.00279874
-0.00407858
-0.00215982
0.00109969
0.00307972
0.00247945
0.000126458
-0.0019471
-0.00222489
-0.000791463
0.000975121
0.0016696
0.000958235
-0.000335457
-0.00107885
-0.000794311
6.32431e-05
0.000646724
0.000505863
-8.09637e-05
-0.000464303
-0.000275655
0.000244563
0.000519423
0.000220752
-0.000395441
-0.000719989
-0.000372142
0.000408372
0.000935252
0.000680957
-0.000220626
-0.00103676
-0.00104118
-0.000154788
0.000938268
0.00132829
0.000641268
-0.00061573
-0.00143504
-0.00112365
0.000111427
0.00130118
0.00148223
0.000481218
-0.0009265
-0.0016234
-0.0010428
0.000369731
0.00150206
0.001457
0.000266475
-0.0011325
-0.00164011
-0.000862665
0.000581602
0.00155714
0.00130826
4.64777e-05
-0.00122938
-0.00152722
-0.000635974
0.00072636
0.0014931
0.00108702
-0.000144776
-0.00122648
-0.00132888
-0.000406449
0.000794246
0.00133935
0.000835803
-0.000286873
-0.0011413
-0.00108455
-0.000202228
0.000791423
0.00113116
0.000591036
-0.000369658
-0.000995076
-0.000828053
-4.27594e-05
0.000725919
0.00089491
0.000375031
-0.000392849
-0.000809139
-0.000583638
6.56121e-05
0.000615063
0.000657045
0.00020047
-0.000368119
-0.000609806
-0.000371177
0.000124122
0.000478635
0.000438777
7.39178e-05
-0.000307462
-0.000416381
-0.000201046
0.000139267
0.00033346
0.00025331
-5.59238e-06
-0.00022441
-0.000243584
-7.74357e-05
0.00012041
0.00019464
0.000109019
-4.32204e-05
-0.00013249
-0.000101345
1.82536e-06
7.94916e-05
7.33743e-05
6.71388e-06
-4.89751e-05
-4.44014e-05
5.65835e-06
4.3816e-05
2.89337e-05
-2.3334e-05
-5.75159e-05
-3.36109e-05
3.20638e-05
7.8671e-05
5.6884e-05
-2.26521e-05
-9.37591e-05
-9.0361e-05
-6.83538e-06
9.15069e-05
0.000120802
5.0299e-05
-6.74564e-05
-0.00013686
-9.73689e-05
2.3762e-05
0.000130801
0.000135901
3.15886e-05
-0.000101023
-0.00015591
-8.7591e-05
5.13494e-05
0.000151038
0.000131996
8.94449e-06
-0.000121201
-0.000155934
-6.8381e-05
7.18209e-05
0.000154363
0.000115424
-1.2567e-05
-0.000128222
-0.000141836
-4.52424e-05
8.3918e-05
0.000144735
9.22383e-05
-2.94649e-05
-0.000124321
-0.000120219
-2.39141e-05
8.70327e-05
0.000126665
6.75409e-05
-4.05141e-05
-0.000112411
-9.49328e-05
-5.83815e-06
8.30494e-05
0.000103889
4.45012e-05
-4.53136e-05
-9.54879e-05
-7.0251e-05
6.60662e-06
7.34831e-05
8.03562e-05
2.61726e-05
-4.39402e-05
-7.60212e-05
-4.86377e-05
1.32555e-05
6.04548e-05
5.86272e-05
1.30393e-05
-3.85423e-05
-5.70042e-05
-3.14904e-05
1.51318e-05
4.62802e-05
4.00379e-05
4.61674e-06
-3.08911e-05
-3.98994e-05
-1.82118e-05
1.474e-05
3.30416e-05
2.47024e-05
-1.06919e-06
-2.2806e-05
-2.48154e-05
-7.97201e-06
1.26348e-05
2.09908e-05
1.25738e-05
-3.76173e-06
-1.45103e-05
-1.24995e-05
-1.55703e-06
8.19892e-06
9.50854e-06
3.4528e-06
-3.40746e-06
-5.36901e-06
-2.81651e-06
7.80063e-07
2.46877e-06
1.82272e-06
6.77831e-07
-2.29336e-07
-5.75507e-07
-6.89225e-07
-2.25841e-07
4.84214e-08
-1.86067e-07
-9.83593e-08
9.09599e-08
1.76427e-07
1.14424e-07
-2.11097e-08
-1.11091e-07
-1.02302e-07
-3.37029e-08
4.98376e-08
8.67578e-08
5.26289e-08
-4.81324e-09
-4.36582e-08
-4.13628e-08
-7.56043e-09
2.00064e-08
2.63378e-08
1.80192e-08
4.24594e-09
