2.59639e-10
9.68248e-09
2.97714e-08
2.50791e-08
-4.94762e-08
-1.25588e-07
-9.8039e-08
6.19678e-08
2.39688e-07
2.58841e-07
3.91544e-08
-2.68908e-07
-4.33332e-07
-2.66207e-07
1.39393e-07
4.98026e-07
5.17442e-07
1.39185e-07
-4.10903e-07
-6.94792e-07
-4.28789e-07
2.36356e-07
8.05797e-07
7.95982e-07
1.02509e-07
-7.65357e-07
-1.11481e-06
-5.69369e-07
5.57631e-07
1.32824e-06
1.07703e-06
-1.25887e-07
-1.41127e-06
-1.66472e-06
-6.23541e-07
9.32349e-07
1.80353e-06
1.38774e-06
2.97931e-08
-1.30612e-06
-1.59687e-06
-5.95717e-07
6.90152e-07
1.3248e-06
9.61018e-07
1.8774e-07
-3.45731e-07
-5.1626e-07
-3.85148e-07
-2.1621e-07
-1.68561e-07
-2.48553e-07
-1.498e-08
5.30797e-07
8.57972e-07
4.16471e-07
-6.25712e-07
-1.78946e-06
-1.98916e-06
-8.14851e-07
1.44871e-06
3.22796e-06
2.51178e-06
-1.06391e-06
-5.42622e-06
-6.47983e-06
-1.77139e-06
6.35854e-06
1.14322e-05
8.08981e-06
-2.97311e-06
-1.39809e-05
-1.6004e-05
-5.2354e-06
1.20978e-05
2.26315e-05
1.6018e-05
-5.16633e-06
-2.57111e-05
-2.81877e-05
-7.67345e-06
2.17848e-05
3.72184e-05
2.40374e-05
-1.04302e-05
-4.01709e-05
-4.03448e-05
-7.48367e-06
3.50873e-05
5.36802e-05
3.07777e-05
-1.94332e-05
-5.91818e-05
-5.52266e-05
-6.43984e-06
5.23911e-05
7.48858e-05
3.91282e-05
-3.12367e-05
-8.28037e-05
-7.33148e-05
-5.18085e-06
7.21196e-05
9.75413e-05
4.66451e-05
-4.55406e-05
-0.000108318
-8.90426e-05
3.3592e-06
0.000100027
0.000123552
4.97575e-05
-6.88484e-05
-0.000140131
-0.000104039
1.7603e-05
0.000132962
0.000149175
4.741e-05
-9.77637e-05
-0.000173448
-0.000116105
3.5139e-05
0.000164943
0.000170205
4.22788e-05
-0.000123291
-0.00019839
-0.000121151
5.29571e-05
0.000191268
0.000185135
3.52381e-05
-0.000145922
-0.000218196
-0.000122745
7.00458e-05
0.000211727
0.000191148
2.21333e-05
-0.000165482
-0.000226489
-0.000113618
8.59087e-05
0.000218117
0.000182252
8.49599e-06
-0.000167456
-0.000211956
-9.52835e-05
8.82659e-05
0.000197992
0.000155377
3.20754e-07
-0.000145638
-0.000175441
-7.62315e-05
6.86854e-05
0.00015036
0.00011783
8.46166e-06
-9.13871e-05
-0.000115448
-6.16739e-05
1.86277e-05
7.02412e-05
7.28224e-05
4.15703e-05
1.15377e-06
-3.64903e-05
-6.69422e-05
-7.69947e-05
-4.53357e-05
3.23722e-05
0.000118504
0.000144583
6.323e-05
-9.54175e-05
-0.000221304
-0.00019742
-3.17418e-06
0.000238555
0.00033417
0.000171892
-0.000163715
-0.000425041
-0.000381086
-1.70262e-05
0.000416892
0.000572856
0.000283058
-0.000275353
-0.000680829
-0.000582656
2.8474e-07
0.00064969
0.000844523
0.000376551
-0.000444352
-0.000988552
-0.000788131
6.52686e-05
0.000942514
0.00113834
0.000436745
-0.000672371
-0.00133056
-0.000974041
0.000187823
0.00128332
0.00143121
0.000448066
-0.00095692
-0.00169004
-0.00112489
0.000367671
0.00165521
0.00170247
0.000403711
-0.00128177
-0.00203788
-0.00122091
0.00059629
0.00202238
0.00191421
0.000294469
-0.00161895
-0.00232929
-0.00123434
0.00086531
0.00235072
0.00203732
0.000121619
-0.001936
-0.00252793
-0.00116039
0.00113476
0.0025819
0.00204158
-8.82086e-05
-0.00216567
-0.00257765
-0.00099871
0.00134992
0.00264996
0.00190331
-0.000297118
-0.00224099
-0.00243922
-0.000773292
0.00143913
0.00249412
0.00162594
-0.00043433
-0.00207461
-0.00207671
-0.000530166
0.00130851
0.00204546
0.00122001
-0.000417648
-0.00158064
-0.00147302
-0.000337951
0.000856432
0.00125043
0.0007257
-0.000141702
-0.000669074
-0.000623768
-0.000281485
-2.32917e-05
6.81153e-05
0.000201792
0.000506036
0.00073625
0.000447294
-0.000470775
-0.00144476
-0.00153338
-0.000277694
0.00164812
0.00271248
0.00171716
-0.00100274
-0.00349757
-0.00356838
-0.000650522
0.00336609
0.00530295
0.00318029
-0.0019051
-0.00621495
-0.00609632
-0.00102244
0.00555861
0.00854656
0.00513064
-0.00271104
-0.00933343
-0.00956082
-0.00271532
0.00671174
0.0124353
0.0111758
0.00496365
-0.0010125
-0.00320403
-0.00288352
-0.00460462
-0.010935
-0.0181666
-0.0176144
-0.00271796
0.0232722
0.0460303
0.0482302
0.022425
-0.0208172
-0.0569929
-0.0628811
-0.0328263
0.0161479
0.0553531
0.0645243
0.046285
0.0235429
0.0209834
0.044573
0.0755937
0.0851604
0.0587674
0.0109915
-0.0234877
-0.0181072
0.0194811
0.0462879
0.0135116
-0.0919963
-0.225926
-0.305517
-0.261906
-0.0915295
0.131703
0.297363
0.328966
0.236564
0.11294
0.0724502
0.172414
0.371377
0.554632
0.610548
0.504711
0.299533
0.105696
0.00115869
-0.0224927
-0.0465082
-0.154534
-0.359397
-0.58534
-0.723532
-0.7222
-0.642245
-0.629361
-0.812793
-1.19749
-1.62858
-1.86313
-1.71159
-1.161
-0.398708
0.28256
0.641268
0.609438
0.308598
-0.0431612
-0.267424
-0.317556
-0.2756
-0.269324
-0.374643
-0.569857
-0.764273
-0.869471
-0.855837
-0.755574
-0.618605
-0.463822
-0.268339
-0.00353616
0.313586
0.600111
0.74212
0.666243
0.398447
0.0652605
-0.169837
-0.198098
-0.0290868
0.211915
0.348594
0.239618
-0.162232
-0.80248
-1.55904
-2.2876
-2.85348
-3.14702
-3.09706
-2.69379
-2.01319
-1.2176
-0.511428
-0.0590695
0.0951413
0.0532353
0.00878666
0.132407
0.461342
0.862196
1.09611
0.953575
0.380851
-0.477862
-1.34864
-1.96584
-2.19818
-2.09128
-1.80924
-1.51984
-1.29899
-1.11037
-0.863417
-0.501233
-0.0555182
0.366575
0.648948
0.736088
0.656985
0.490471
0.301624
0.0980286
-0.162114
-0.517393
-0.946383
-1.35022
-1.59035
-1.55892
-1.2376
-0.709353
-0.119599
0.386177
0.711442
0.823229
0.737539
0.497006
0.158184
-0.21167
-0.541616
-0.777309
-0.906384
-0.966517
-1.0191
-1.09701
-1.1623
-1.11419
-0.859194
-0.40789
0.0688519
0.280397
-0.045848
-0.996582
-2.37593
-3.75239
-4.64148
-4.73174
-4.02818
-2.83048
-1.55967
-0.537786
0.148484
0.624048
1.06885
1.54007
1.89626
1.87775
1.29287
0.187273
-1.119
-2.1605
-2.55092
-2.17317
-1.22628
-0.107458
0.79501
1.2762
1.36405
1.23416
1.06098
0.905414
0.703048
0.345006
-0.21529
-0.905397
-1.56155
-2.01545
-2.17842
-2.07033
-1.78422
-1.4223
-1.05275
-0.712635
-0.440476
-0.296921
-0.341997
-0.576907
-0.895979
-1.0997
-0.98419
-0.467311
0.324561
1.07427
1.40462
1.06182
0.0537066
-1.3354
-2.66449
-3.52721
-3.71475
-3.27205
-2.43369
-1.4917
-0.675717
-0.102056
0.204581
0.25923
0.0852077
-0.275798
-0.732805
-1.1359
-1.31528
-1.15727
-0.672548
-0.00966109
0.601048
0.944513
0.905652
0.499071
-0.161792
-0.92525
-1.65047
-2.22395
-2.55424
-2.57296
-2.25872
-1.67097
-0.958901
-0.318876
0.0901096
0.225358
0.177642
0.104453
0.114417
0.178765
0.13698
-0.19481
-0.876391
-1.75628
-2.51397
-2.8196
-2.51854
-1.7245
-0.757778
0.0362864
0.473972
0.604828
0.623855
0.688086
0.769247
0.653081
0.0964106
-0.959704
-2.27092
-3.36237
-3.76763
-3.29432
-2.14892
-0.834792
0.122281
0.456685
0.282668
-0.0180273
-0.0636225
0.278123
0.815773
1.17718
1.07087
0.492992
-0.254682
-0.746603
-0.69837
-0.147804
0.558488
0.960737
0.741854
-0.107594
-1.30237
-2.42988
-3.16192
-3.38942
-3.21908
-2.85944
-2.48178
-2.13979
-1.78137
-1.32538
-0.744219
-0.102757
0.460192
0.787659
0.764801
0.359869
-0.361335
-1.24463
-2.07701
-2.6355
-2.75008
-2.36508
-1.57406
-0.606736
0.236116
0.679828
0.568662
-0.0814208
-1.08887
-2.16684
-3.01414
-3.4057
-3.25428
-2.62569
-1.70423
-0.721356
0.124496
0.723439
1.0611
1.17768
1.10795
0.84473
0.35522
-0.356683
-1.1859
-1.91446
-2.27999
-2.09958
-1.38039
-0.345474
0.652175
1.28799
1.41119
1.09746
0.584264
0.132616
-0.101954
-0.121195
-0.0445539
-0.0190648
-0.139735
-0.419051
-0.802463
-1.19961
-1.5063
-1.6187
-1.45974
-1.02749
-0.443391
0.0461413
0.148481
-0.332525
-1.36207
-2.63693
-3.69002
-4.09832
-3.68608
-2.60868
-1.26884
-0.11566
0.556505
0.699751
0.461676
0.0486181
-0.3957
-0.823107
-1.22718
-1.56843
-1.75171
-1.67849
-1.33028
-0.810177
-0.300032
0.0429215
0.175989
0.179707
0.176973
0.222501
0.24736
0.104349
-0.315212
-0.978528
-1.70135
-2.245
-2.45675
-2.3566
-2.10961
-1.90322
-1.81618
-1.77183
-1.60787
-1.21236
-0.627482
-0.045349
0.305214
0.305284
0.0263671
-0.311063
-0.475956
-0.373752
-0.109441
0.0712197
-0.0759017
-0.653502
-1.56417
-2.55808
-3.35036
-3.73901
-3.66572
-3.20356
-2.49659
-1.69469
-0.915437
-0.239418
0.27632
0.58736
0.664999
0.510592
0.169236
-0.269199
-0.686747
-0.96764
-1.03107
-0.852901
-0.466395
0.058648
0.64757
1.24485
1.81474
2.31732
2.67779
2.77737
2.48617
1.73196
0.569678
-0.794864
-2.05543
-2.91666
-3.2132
-2.97244
-2.38447
-1.69591
-1.08886
-0.614029
-0.211549
0.202837
0.648594
1.04847
1.27253
1.22465
0.910778
0.443648
-0.0164316
-0.342075
-0.487851
-0.482054
-0.378528
-0.212372
0.005309
0.254372
0.469433
0.541123
0.366872
-0.0780951
-0.700977
-1.31838
-1.74111
-1.86625
-1.71813
-1.41335
-1.07683
-0.76966
-0.479218
-0.17518
0.116174
0.2839
0.183814
-0.256764
-0.952554
-1.661
-2.08602
-2.03154
-1.5127
-0.753361
-0.0664709
0.312294
0.338113
0.151747
-0.034932
-0.0848187
-0.0184052
0.016203
-0.139577
-0.532208
-1.05018
-1.48367
-1.64797
-1.48902
-1.10408
-0.669788
-0.329879
-0.118855
0.0310639
0.210262
0.438183
0.621558
0.593454
0.208854
-0.562012
-1.59681
-2.65832
-3.48145
-3.86449
-3.72733
-3.12405
-2.21871
-1.23901
-0.417278
0.0753935
0.188448
0.0193622
-0.216386
-0.277036
-0.0150587
0.534585
1.15431
1.54401
1.47408
0.907355
0.0190021
-0.897293
-1.58016
-1.91859
-1.97198
-1.89299
-1.81485
-1.78075
-1.75309
-1.67785
-1.54038
-1.36343
-1.15304
-0.849212
-0.341878
0.437665
1.40836
2.30404
2.76452
2.52042
1.56321
0.184688
-1.15525
-2.06278
-2.40464
-2.34193
-2.18517
-2.17088
-2.31105
-2.41514
-2.26279
-1.79936
-1.20919
-0.807744
-0.82291
-1.21836
-1.68811
-1.83653
-1.43055
-0.558119
0.412905
1.05088
1.11275
0.673621
0.058418
-0.369806
-0.422959
-0.170126
0.14841
0.30128
0.213239
-0.0118343
-0.190722
-0.200067
-0.054892
0.120165
0.193685
0.123029
-0.0246376
-0.132891
-0.126078
-0.0206658
0.0956418
0.134989
0.0740865
-0.0342817
-0.106729
-0.0933772
-0.0118262
0.0715217
0.0946283
0.045356
-0.0336796
-0.0812284
-0.0644218
-0.000926869
0.0582324
0.0693072
0.0278321
-0.0311407
-0.0622696
-0.0445316
0.00500957
0.0469167
0.0505514
0.0162335
-0.0274453
-0.04719
-0.0302112
0.0078778
0.0369962
0.0362017
0.00855814
-0.0231297
-0.0349557
-0.019819
0.0087135
0.0282854
0.0251588
0.00367994
-0.0185641
-0.0250199
-0.0123791
0.00819494
0.0207244
0.0167398
0.000831412
-0.0140536
-0.0170533
-0.00722025
0.00682407
0.0142981
0.0104685
-0.000540794
-0.00981815
-0.0108039
-0.00383343
0.00497924
0.00898681
0.00596149
-0.000884511
-0.00603762
-0.0060648
-0.0017989
0.00296772
0.00475812
0.00288992
-0.000560287
-0.00282968
-0.00263366
-0.000762957
0.00101948
0.00155102
0.00096247
0.000143861
-0.000258135
-0.000312373
-0.000431696
-0.000708644
-0.000732422
-8.96237e-05
0.00100345
0.00167196
0.00111351
-0.000542282
-0.00210842
-0.00221477
-0.000514512
0.00184002
0.00298196
0.00183481
-0.000892798
-0.00312619
-0.00302579
-0.000515247
0.00254123
0.0037378
0.00203982
-0.001323
-0.00375298
-0.00330952
-0.000270656
0.00303409
0.00402317
0.00189504
-0.00171967
-0.00401658
-0.0032075
7.91873e-05
0.00328989
0.00394058
0.00154932
-0.00200526
-0.0039678
-0.00285154
0.000431108
0.00331512
0.00359523
0.00111843
-0.00214596
-0.00367749
-0.0023575
0.000715316
0.00313752
0.00308573
0.000691812
-0.00213134
-0.00322059
-0.00182293
0.000890409
0.0028014
0.00250118
0.000327495
-0.00197846
-0.00266709
-0.00130878
0.00095464
0.00236441
0.00191174
5.48216e-05
-0.00172036
-0.00208707
-0.00086805
0.000910319
0.00187653
0.00137023
-0.000115574
-0.00139384
-0.00152979
-0.000520045
0.000784171
0.00138853
0.000911359
-0.000188949
-0.00103688
-0.00103374
-0.00027455
0.000597808
0.000930498
0.000545486
-0.000185566
-0.000684706
-0.000621579
-0.000122648
0.000386714
0.000539019
0.000284932
-0.000122574
-0.000365569
-0.000305906
-5.11782e-05
0.000175867
0.00022625
0.000116283
-2.88966e-05
-0.000101067
-8.60565e-05
-4.06715e-05
-1.38335e-05
-2.30691e-06
2.62614e-05
7.58123e-05
0.000101247
5.15226e-05
-6.53242e-05
-0.000165961
-0.000153729
-1.01765e-05
0.000168932
0.000238219
0.000122502
-0.000106974
-0.000274623
-0.000237487
-7.57727e-06
0.00024496
0.000319105
0.000145148
-0.000151316
-0.000340879
-0.000269644
1.44493e-05
0.000293136
0.000348056
0.000132562
-0.000188
-0.000364323
-0.000258433
4.73136e-05
0.000314989
0.000337493
9.95918e-05
-0.000211363
-0.000354575
-0.000222949
7.66044e-05
0.00031019
0.000300124
6.02906e-05
-0.00021857
-0.00032137
-0.000175753
9.80399e-05
0.000286869
0.000250216
2.54296e-05
-0.000208701
-0.000273984
-0.000128343
0.000107922
0.000251152
0.000196714
-4.50537e-06
-0.000192398
-0.000225264
-8.69897e-05
0.000108222
0.000210043
0.000147741
-2.07936e-05
-0.000162204
-0.000172809
-5.39527e-05
9.61772e-05
0.0001633
0.00010385
-2.78572e-05
-0.000127707
-0.000124047
-2.8487e-05
8.00784e-05
0.000119805
6.71082e-05
-3.09093e-05
-9.74455e-05
-8.58623e-05
-1.20977e-05
6.30933e-05
8.39684e-05
4.06753e-05
-2.78633e-05
-6.85417e-05
-5.47993e-05
-3.2533e-06
4.36437e-05
5.25777e-05
2.29913e-05
-1.78184e-05
-3.91042e-05
-2.87767e-05
4.99637e-07
2.4472e-05
2.67654e-05
9.45132e-06
-1.12788e-05
-2.00359e-05
-1.34446e-05
1.29031e-07
1.00151e-05
1.05148e-05
4.14396e-06
-2.56597e-06
-6.39913e-06
-5.44144e-06
-1.2652e-06
2.77515e-06
2.08786e-06
1.53324e-07
-2.25255e-07
-3.11287e-07
-1.53634e-07
4.56683e-08
1.67254e-07
1.64728e-07
4.36984e-08
-9.62671e-08
-1.39127e-07
-6.22784e-08
4.21769e-08
8.24002e-08
4.64522e-08
2.75698e-09
-2.68786e-08
-3.58124e-08
-1.39315e-08
1.08544e-08
2.0885e-08
8.42198e-09
