2.04331e-10
7.36672e-09
1.45463e-08
1.13344e-08
-9.2187e-09
-3.61854e-08
-5.00787e-08
-3.21786e-08
2.06975e-08
7.72991e-08
8.84521e-08
3.42372e-08
-6.33348e-08
-1.27582e-07
-9.6306e-08
-1.19152e-08
1.32278e-07
2.27091e-07
1.70101e-07
-4.61269e-08
-3.11323e-07
-4.06859e-07
-1.99719e-07
1.94682e-07
6.00872e-07
5.47861e-07
-3.08061e-08
-7.82046e-07
-1.05428e-06
-3.19201e-07
1.00435e-06
1.79063e-06
1.15347e-06
-6.53784e-07
-2.31921e-06
-2.4195e-06
-4.96218e-07
2.27716e-06
3.63969e-06
2.08453e-06
-1.51778e-06
-4.45685e-06
-4.10693e-06
-2.00301e-07
4.53504e-06
6.12788e-06
2.64146e-06
-3.71367e-06
-7.86248e-06
-5.92394e-06
1.1495e-06
7.87429e-06
8.44337e-06
1.66564e-06
-7.34116e-06
-1.11102e-05
-5.92895e-06
4.68123e-06
1.23911e-05
1.04234e-05
-2.60128e-07
-1.13623e-05
-1.36739e-05
-4.79146e-06
8.74741e-06
1.59046e-05
1.05043e-05
-3.63046e-06
-1.55187e-05
-1.53094e-05
-2.52123e-06
1.32112e-05
1.91678e-05
9.97273e-06
-7.60765e-06
-1.99124e-05
-1.68417e-05
7.17652e-08
1.78903e-05
2.22219e-05
8.86896e-06
-1.24012e-05
-2.47094e-05
-1.76419e-05
4.00441e-06
2.34844e-05
2.49786e-05
6.63178e-06
-1.76433e-05
-2.86754e-05
-1.71793e-05
8.29664e-06
2.78714e-05
2.58757e-05
3.40761e-06
-2.21087e-05
-3.05533e-05
-1.50923e-05
1.24073e-05
3.02637e-05
2.42532e-05
-1.0423e-06
-2.55761e-05
-2.98287e-05
-1.06188e-05
1.65891e-05
3.01591e-05
1.96395e-05
-6.07216e-06
-2.63353e-05
-2.52695e-05
-4.5163e-06
1.86861e-05
2.57154e-05
1.18189e-05
-1.05887e-05
-2.28857e-05
-1.58105e-05
3.4947e-06
1.79995e-05
1.60462e-05
8.43953e-07
-1.33631e-05
-1.40909e-05
-1.60602e-06
1.16173e-05
1.2629e-05
4.33441e-07
-1.28195e-05
-1.33003e-05
8.72247e-07
1.68606e-05
1.82159e-05
8.044e-07
-2.13508e-05
-2.68676e-05
-7.09884e-06
2.36078e-05
3.81155e-05
1.96921e-05
-2.04655e-05
-4.92796e-05
-3.86179e-05
8.56456e-06
5.58852e-05
6.1439e-05
1.40991e-05
-5.22602e-05
-8.22819e-05
-4.50086e-05
3.60992e-05
9.69642e-05
8.31243e-05
-2.53045e-06
-9.5736e-05
-0.000118885
-4.52838e-05
7.34085e-05
0.000142264
9.91902e-05
-3.02228e-05
-0.0001462
-0.000151527
-3.26028e-05
0.000122768
0.000189615
0.000106043
-7.06894e-05
-0.000202567
-0.000178493
-7.50825e-06
0.00018077
0.000234127
0.000100831
-0.000122128
-0.000259248
-0.000194564
3.06403e-05
0.000242981
0.000270443
8.16987e-05
-0.000181572
-0.000311131
-0.000196667
8.02342e-05
0.000303858
0.000292679
4.68857e-05
-0.000244782
-0.000350338
-0.000179476
0.000139476
0.000355801
0.000294074
-3.16614e-06
-0.000304025
-0.000368644
-0.000141398
0.000201015
0.000387638
0.000268574
-6.40857e-05
-0.000347069
-0.000355472
-8.2305e-05
0.000254993
0.000388392
0.000213416
-0.000127854
-0.000362002
-0.000304565
-7.09951e-06
0.000287954
0.000345487
0.000126602
-0.000184167
-0.000333897
-0.000209042
7.67803e-05
0.000283394
0.000246667
1.06584e-05
-0.0002169
-0.00024619
-6.53607e-05
0.000156542
0.000223112
8.37968e-05
-0.000124504
-0.0002048
-8.22217e-05
0.000125162
0.00021345
8.48919e-05
-0.000150376
-0.000264301
-0.000122561
0.000173506
0.000354691
0.000221081
-0.000155778
-0.000459239
-0.000388584
5.75088e-05
0.000533409
0.000609694
0.000150621
-0.000519835
-0.000839267
-0.000471665
0.000363639
0.00100672
0.000873292
-2.85263e-05
-0.0010278
-0.00128316
-0.000482605
0.000826127
0.00159802
0.00111877
-0.000354055
-0.00169867
-0.00177608
-0.000383215
0.00147767
0.00230907
0.00131462
-0.000867921
-0.00255303
-0.00230025
-0.000129266
0.00235652
0.00314288
0.00142512
-0.00161907
-0.00361643
-0.00283735
0.000329701
0.00350906
0.00410644
0.00140885
-0.00267111
-0.00492972
-0.00337205
0.00106162
0.00501244
0.00522895
0.00121689
-0.00412721
-0.0065799
-0.00390275
0.00217548
0.00701972
0.00659113
0.000767591
-0.0062111
-0.00878138
-0.00443467
0.00396475
0.00997076
0.0084041
-0.000319533
-0.00986869
-0.0123225
-0.00420745
0.0102731
0.0215357
0.0211453
0.00797925
-0.0105807
-0.0235575
-0.0240162
-0.01388
-0.00228679
0.00142797
-0.0050407
-0.0150084
-0.017776
-0.00697957
0.0139529
0.0335547
0.0402815
0.0308929
0.0128648
-0.00132825
-0.00411549
0.000494699
-0.00102297
-0.0215565
-0.0618692
-0.10615
-0.128702
-0.108463
-0.0425479
0.049792
0.135584
0.18408
0.181011
0.133401
0.0633156
-0.00459199
-0.0540406
-0.0811145
-0.0909527
-0.0911507
-0.086816
-0.0797647
-0.0708836
-0.062811
-0.0607947
-0.0716931
-0.102565
-0.159971
-0.249589
-0.37474
-0.533117
-0.713062
-0.892281
-1.04135
-1.13158
-1.14384
-1.07369
-0.930443
-0.731534
-0.496407
-0.243957
0.0060303
0.230878
0.407115
0.518297
0.564893
0.568989
0.567989
0.597951
0.674732
0.784315
0.889555
0.950831
0.948817
0.895168
0.823806
0.767809
0.736852
0.710698
0.654243
0.545203
0.396045
0.254134
0.177528
0.200056
0.307613
0.441915
0.53125
0.530513
0.446228
0.331024
0.250835
0.245038
0.303872
0.376262
0.401899
0.346655
0.219475
0.0618624
-0.0809186
-0.186848
-0.265082
-0.341596
-0.434605
-0.538082
-0.625052
-0.667972
-0.66145
-0.630894
-0.620277
-0.666172
-0.774318
-0.913395
-1.02997
-1.07583
-1.03192
-0.916014
-0.770711
-0.63952
-0.544289
-0.475706
-0.401111
-0.285097
-0.112179
0.100088
0.304923
0.446548
0.488053
0.433096
0.328944
0.246577
0.245582
0.341287
0.492748
0.620578
0.647394
0.539785
0.328138
0.0921114
-0.0808009
-0.140109
-0.0945857
0.000670829
0.0837846
0.127739
0.15878
0.240928
0.436563
0.766636
1.19277
1.62914
1.97481
2.14781
2.10558
1.84766
1.40766
0.843721
0.231811
-0.341786
-0.794605
-1.06934
-1.15432
-1.09049
-0.956768
-0.837588
-0.787798
-0.813335
-0.877627
-0.929017
-0.932454
-0.887039
-0.820579
-0.766776
-0.740854
-0.729235
-0.699052
-0.620523
-0.48763
-0.324372
-0.173334
-0.0740671
-0.0442469
-0.0738717
-0.134285
-0.195038
-0.237867
-0.260126
-0.267518
-0.262887
-0.240034
-0.187539
-0.100326
0.00927829
0.109892
0.162333
0.139
0.0406313
-0.0999481
-0.230488
-0.302159
-0.290058
-0.199978
-0.0582607
0.108116
0.288212
0.489894
0.727333
1.00208
1.29108
1.55089
1.7367
1.82522
1.82697
1.77962
1.72503
1.68278
1.63531
1.53401
1.324
0.975441
0.504951
-0.0244361
-0.526144
-0.925671
-1.19199
-1.34877
-1.45848
-1.58575
-1.75786
-1.94378
-2.06529
-2.03735
-1.81771
-1.4382
-0.9974
-0.615384
-0.373657
-0.274321
-0.243523
-0.179037
-0.0148878
0.235735
0.486136
0.627888
0.597585
0.417637
0.186079
0.0220584
0.000936724
0.118212
0.301832
0.461315
0.540194
0.539495
0.50211
0.474612
0.475871
0.49286
0.501486
0.4916
0.474315
0.466236
0.465698
0.443958
0.36293
0.208849
0.0157566
-0.143016
-0.194825
-0.114146
0.057361
0.233707
0.33711
0.344802
0.297183
0.261115
0.274696
0.314634
0.312436
0.210399
0.0175426
-0.177879
-0.254564
-0.136848
0.146237
0.464624
0.657087
0.6264
0.399874
0.115542
-0.0589682
-0.0249861
0.191791
0.46146
0.630091
0.608131
0.41363
0.148958
-0.0673909
-0.167115
-0.157076
-0.095196
-0.0420922
-0.0246292
-0.0326948
-0.0431043
-0.0458687
-0.0507827
-0.0719104
-0.107056
-0.132976
-0.122661
-0.0708955
-0.00553454
0.0278322
-0.00146095
-0.0840227
-0.173989
-0.221254
-0.209338
-0.169496
-0.158037
-0.211718
-0.314482
-0.402835
-0.409706
-0.317277
-0.180019
-0.0981609
-0.156404
-0.368163
-0.663125
-0.926558
-1.06335
-1.04376
-0.902602
-0.698332
-0.466862
-0.206474
0.0963896
0.424667
0.710725
0.861711
0.816947
0.59579
0.296714
0.0417129
-0.0989128
-0.148378
-0.1992
-0.336366
-0.560813
-0.769733
-0.813305
-0.594322
-0.144907
0.373508
0.751364
0.844128
0.646848
0.284927
-0.0694103
-0.298644
-0.395112
-0.439942
-0.52785
-0.693447
-0.888575
-1.02117
-1.02326
-0.898542
-0.718301
-0.572928
-0.51609
-0.539995
-0.594289
-0.628899
-0.626294
-0.600516
-0.568213
-0.518777
-0.410506
-0.198401
0.126277
0.51499
0.877411
1.12575
1.22002
1.18582
1.0953
1.02606
1.02526
1.09936
1.22978
1.39694
1.59201
1.80813
2.02079
2.17678
2.20551
2.05004
1.70016
1.20625
0.663977
0.176987
-0.182327
-0.393989
-0.485284
-0.506379
-0.503144
-0.502022
-0.511537
-0.533546
-0.572027
-0.630895
-0.702228
-0.755369
-0.739416
-0.604416
-0.333775
0.030197
0.386696
0.610434
0.607902
0.368404
-0.0200708
-0.404694
-0.639188
-0.657213
-0.507114
-0.32606
-0.2651
-0.405781
-0.715359
-1.06606
-1.30639
-1.34191
-1.17868
-0.90709
-0.641286
-0.455627
-0.357299
-0.306544
-0.262444
-0.216493
-0.188821
-0.192975
-0.201237
-0.143849
0.0497137
0.392906
0.810197
1.15988
1.30411
1.18487
0.857357
0.458288
0.129114
-0.0568492
-0.117687
-0.125503
-0.138625
-0.15324
-0.108687
0.0586241
0.35297
0.695333
0.957533
1.03357
0.901136
0.632899
0.351075
0.15663
0.0794776
0.0793765
0.0914073
0.0804541
0.0659126
0.101542
0.227971
0.433716
0.65275
0.799849
0.81889
0.712036
0.532768
0.350873
0.21461
0.133448
0.0876748
0.0524284
0.0167292
-0.0140547
-0.0292998
-0.0253526
-0.00856475
0.0111464
0.0280183
0.0414711
0.050333
0.0478394
0.0249524
-0.0186561
-0.0657218
-0.0855396
-0.0527153
0.0311204
0.130188
0.191661
0.179104
0.100016
0.00605702
-0.038015
0.00200255
0.103567
0.199064
0.220338
0.147215
0.026219
-0.0556229
-0.0266746
0.119979
0.316866
0.459425
0.466601
0.326063
0.0964328
-0.132103
-0.290589
-0.362834
-0.378352
-0.37719
-0.375566
-0.357837
-0.298645
-0.195806
-0.0863771
-0.0311107
-0.0762076
-0.218798
-0.401215
-0.540057
-0.572718
-0.492399
-0.350232
-0.224227
-0.17503
-0.215126
-0.307945
-0.394213
-0.427337
-0.396634
-0.326954
-0.258315
-0.220035
-0.215055
-0.222379
-0.214423
-0.177812
-0.124827
-0.0882581
-0.101845
-0.177028
-0.289903
-0.387794
-0.414261
-0.339899
-0.180978
0.00664906
0.156715
0.228066
0.224312
0.184459
0.150633
0.135665
0.114834
0.0494904
-0.0741171
-0.221911
-0.327827
-0.343445
-0.287447
-0.253342
-0.357241
-0.649688
-1.0482
-1.34471
-1.30068
-0.785105
0.124899
1.14858
1.92111
2.1688
1.84374
1.14152
0.392855
-0.107511
-0.237593
-0.0783219
0.168348
0.313536
0.283832
0.137114
-0.00361618
-0.0440391
0.0238343
0.131464
0.193721
0.170814
0.0893945
0.013849
-0.00543684
0.0328643
0.0858552
0.103203
0.0657532
-0.00247381
-0.0552428
-0.0597646
-0.0196586
0.0305332
0.0528994
0.0337986
-0.00860871
-0.0407074
-0.0396084
-0.00908459
0.0255772
0.0381988
0.0212343
-0.0101842
-0.0314019
-0.0274048
-0.00323394
0.0214034
0.0280395
0.0131535
-0.0103891
-0.0242693
-0.0188636
0.000239266
0.017633
0.0204213
0.00768626
-0.00977878
-0.0185017
-0.0126537
0.00219353
0.0141734
0.0145432
0.00399098
-0.00865965
-0.0137505
-0.0081107
0.00311041
0.0110203
0.00998412
0.00157294
-0.00725022
-0.00984062
-0.00483412
0.00330998
0.00819789
0.00648587
0.000102046
-0.00571216
-0.00666576
-0.00254756
0.00302898
0.00573778
0.00386836
-0.000668349
-0.00417513
-0.00415172
-0.00104122
0.00244856
0.00365932
0.00198344
-0.000934763
-0.00273542
-0.00222856
-0.000139117
0.00171501
0.00197188
0.000703815
-0.000858458
-0.00146476
-0.000827899
0.000309053
0.00094218
0.000667109
-9.00702e-05
-0.000574187
-0.00040928
0.00012418
0.00043527
0.000216502
-0.000277808
-0.000506912
-0.000188637
0.000408723
0.000703205
0.000349623
-0.000405088
-0.000902285
-0.000648896
0.00021556
0.000990106
0.000989398
0.000145948
-0.000887867
-0.00125359
-0.000603537
0.000579902
0.00134806
0.00105298
-0.000106015
-0.00121827
-0.00138422
-0.00044655
0.000866186
0.00151179
0.000966791
-0.000348191
-0.00139691
-0.00134939
-0.000241526
0.00105325
0.001517
0.000791466
-0.000544905
-0.0014405
-0.00120206
-3.30569e-05
0.00114011
0.00140534
0.000576386
-0.0006781
-0.0013758
-0.000992177
0.000144609
0.0011337
0.00121738
0.00036268
-0.000738574
-0.00123032
-0.000759556
0.000272139
0.0010494
0.000988748
0.000176243
-0.000729912
-0.00103278
-0.000532976
0.000344373
0.000909409
0.000750035
3.1238e-05
-0.000665687
-0.000812814
-0.000334939
0.000362932
0.000736681
0.000527105
-6.35048e-05
-0.000559488
-0.000594037
-0.000179333
0.000334095
0.000550969
0.000334904
-0.000111491
-0.000430728
-0.000395583
-6.8728e-05
0.000273757
0.000373498
0.000183577
-0.00011954
-0.000295005
-0.000227906
-8.40754e-07
0.00019384
0.000214981
7.31896e-05
-9.90584e-05
-0.000166985
-9.75729e-05
3.09215e-05
0.000108434
8.56164e-05
2.56127e-06
-6.01042e-05
-5.55762e-05
-4.40598e-06
3.53199e-05
2.72377e-05
-1.21655e-05
-3.52735e-05
-1.37499e-05
3.21278e-05
5.34154e-05
2.1107e-05
-4.16451e-05
-7.74394e-05
-4.67213e-05
3.2182e-05
9.41754e-05
8.15769e-05
-2.91588e-06
-9.33907e-05
-0.000113221
-4.0348e-05
7.07512e-05
0.000130453
8.69947e-05
-2.87896e-05
-0.000125915
-0.00012538
-2.45588e-05
9.83069e-05
0.000145641
7.82756e-05
-5.18523e-05
-0.000142117
-0.0001209
-4.79919e-06
0.000114818
0.000144161
6.07791e-05
-6.92065e-05
-0.00014371
-0.000105453
1.40336e-05
0.000120381
0.000131402
4.0824e-05
-7.89084e-05
-0.000134473
-8.49074e-05
2.81817e-05
0.000115492
0.000111007
2.17274e-05
-8.05896e-05
-0.000116945
-6.2397e-05
3.72275e-05
0.000103763
8.80963e-05
6.15591e-06
-7.62645e-05
-9.63914e-05
-4.24295e-05
4.04974e-05
8.78199e-05
6.58826e-05
-4.3235e-06
-6.66747e-05
-7.46755e-05
-2.6072e-05
3.85101e-05
6.9385e-05
4.59282e-05
-9.85731e-06
-5.38457e-05
-5.42388e-05
-1.43509e-05
3.26651e-05
5.14255e-05
3.05841e-05
-1.08386e-05
-4.04236e-05
-3.75585e-05
-7.55145e-06
2.48811e-05
3.57043e-05
1.93e-05
-9.26972e-06
-2.7855e-05
-2.42e-05
-3.57289e-06
1.72298e-05
2.32565e-05
1.19914e-05
-6.46776e-06
-1.7792e-05
-1.49587e-05
-2.08141e-06
1.01991e-05
1.3603e-05
6.99018e-06
-3.3637e-06
-9.41746e-06
-7.29407e-06
-1.04459e-06
3.2668e-06
3.57943e-06
1.47758e-06
-3.40516e-07
-3.89155e-07
-6.73075e-08
6.6857e-08
1.89195e-07
2.79665e-07
1.09839e-07
-1.2545e-07
-1.94461e-07
-1.26523e-07
6.52076e-08
1.90317e-07
1.39894e-07
2.5538e-08
-6.41346e-08
-8.964e-08
-4.15908e-08
3.07566e-08
7.33115e-08
6.37856e-08
2.59188e-08
