354.626
74.3674
19.8121
52.1123
57.8603
28.6397
29.2031
51.2942
20.6432
37.6471
15.5719
44.9879
102.507
23.7846
20.8767
52.127
9.74445
42.0546
56.8592
65.0764
85.6859
65.0882
34.6825
37.7265
138.119
32.1024
55.8505
111.134
65.0463
54.9138
105.071
108.779
44.4043
81.7962
107.458
3.07458
61.103
5.27991
114.394
88.9842
76.1944
87.5032
43.2294
115.85
154.099
128.699
81.5137
39.614
11.1609
34.0864
52.3886
45.3847
19.9595
10.544
13.1152
45.0976
79.0173
25.08
48.6861
37.5907
59.877
33.9514
27.7416
8.94299
31.1705
30.2706
13.6797
40.9187
37.6674
41.9234
20.0179
10.8892
44.3301
20.8294
27.1763
8.31689
26.3792
38.2233
22.1693
31.3645
18.5959
14.4918
27.7334
29.0656
40.9207
31.2889
1.87166
20.8615
33.882
6.72864
29.931
18.6427
37.9088
40.0383
24.677
8.84657
23.8947
20.4954
40.4242
36.4153
34.0823
15.2745
21.6885
19.7112
10.0572
21.0173
46.5378
27.3009
12.7069
42.8668
12.1907
7.75114
28.9522
15.7166
18.7049
16.7042
10.3477
8.27424
16.1331
16.325
9.49812
19.0446
17.5542
41.1222
20.2162
20.9879
5.70313
34.7235
39.8236
10.0132
3.23437
15.8766
26.0855
13.0495
10.1773
49.2119
13.2878
18.5016
25.2678
12.823
24.437
3.1822
9.17235
18.3859
24.5129
11.1114
33.5526
16.512
17.5352
19.6937
11.3232
48.0521
13.3533
6.58843
46.0702
6.47899
22.6679
35.2835
24.6077
17.6722
21.4027
20.0843
7.29081
26.7764
16.664
13.3823
23.1759
4.03991
34.9108
11.3039
27.3388
26.8841
24.9743
7.19037
12.6166
39.0435
23.5424
12.4533
28.8088
21.728
51.5669
23.9179
34.2514
27.2869
13.3114
29.9766
12.879
10.7033
6.52047
53.4566
12.4532
28.8036
18.134
12.3328
38.6655
15.6136
15.1667
16.1141
26.6207
20.4035
18.9706
36.784
13.3623
18.4956
27.3677
22.8509
28.4431
21.3236
6.28
36.9387
5.22624
27.3973
7.08702
21.1129
26.5105
1.46511
12.255
14.8132
9.23039
43.1315
22.1753
18.1546
31.6809
19.4122
2.94347
8.04487
32.583
35.3966
11.9793
14.0682
24.3043
22.2684
12.6716
9.77034
18.9305
13.3961
11.904
15.8341
23.8012
9.56262
18.1978
13.042
12.5993
12.0139
16.9839
12.4301
23.091
28.5403
9.67093
15.2761
19.2349
18.9018
24.4614
23.8355
19.8039
26.6043
18.7045
13.7069
15.742
7.51989
14.3554
19.7081
12.8538
28.4744
14.6594
12.326
29.4413
30.3038
18.6844
38.2047
13.538
23.7855
21.4039
5.93254
24.4722
19.1668
23.8
26.4327
15.362
22.1094
6.96201
20.0359
21.4408
13.9487
27.0879
22.0319
7.63985
17.2421
5.55017
11.9422
7.87681
32.252
22.762
6.7126
3.88456
25.2353
16.1488
16.721
35.8923
8.57497
15.2232
7.67666
8.87587
10.3829
3.45575
18.337
8.94604
8.94604
18.337
3.45575
10.3829
8.87587
7.67666
15.2232
8.57497
35.8923
16.721
16.1488
25.2353
3.88456
6.7126
22.762
32.252
7.87681
11.9422
5.55017
17.2421
7.63985
22.0319
27.0879
13.9487
21.4408
20.0359
6.96201
22.1094
15.362
26.4327
23.8
19.1668
24.4722
5.93254
21.4039
23.7855
13.538
38.2047
18.6844
30.3038
29.4413
12.326
14.6594
28.4744
12.8538
19.7081
14.3554
7.51989
15.742
13.7069
18.7045
26.6043
19.8039
23.8355
24.4614
18.9018
19.2349
15.2761
9.67093
28.5403
23.091
12.4301
16.9839
12.0139
12.5993
13.042
18.1978
9.56262
23.8012
15.8341
11.904
13.3961
18.9305
9.77034
12.6716
22.2684
24.3043
14.0682
11.9793
35.3966
32.583
8.04487
2.94347
19.4122
31.6809
18.1546
22.1753
43.1315
9.23039
14.8132
12.255
1.46511
26.5105
21.1129
7.08702
27.3973
5.22624
36.9387
6.28
21.3236
28.4431
22.8509
27.3677
18.4956
13.3623
36.784
18.9706
20.4035
26.6207
16.1141
15.1667
15.6136
38.6655
12.3328
18.134
28.8036
12.4532
53.4566
6.52047
10.7033
12.879
29.9766
13.3114
27.2869
34.2514
23.9179
51.5669
21.728
28.8088
12.4533
23.5424
39.0435
12.6166
7.19037
24.9743
26.8841
27.3388
11.3039
34.9108
4.03991
23.1759
13.3823
16.664
26.7764
7.29081
20.0843
21.4027
17.6722
24.6077
35.2835
22.6679
6.47899
46.0702
6.58843
13.3533
48.0521
11.3232
19.6937
17.5352
16.512
33.5526
11.1114
24.5129
18.3859
9.17235
3.1822
24.437
12.823
25.2678
18.5016
13.2878
49.2119
10.1773
13.0495
26.0855
15.8766
3.23437
10.0132
39.8236
34.7235
5.70313
20.9879
20.2162
41.1222
17.5542
19.0446
9.49812
16.325
16.1331
8.27424
10.3477
16.7042
18.7049
15.7166
28.9522
7.75114
12.1907
42.8668
12.7069
27.3009
46.5378
21.0173
10.0572
19.7112
21.6885
15.2745
34.0823
36.4153
40.4242
20.4954
23.8947
8.84657
24.677
40.0383
37.9088
18.6427
29.931
6.72864
33.882
20.8615
1.87166
31.2889
40.9207
29.0656
27.7334
14.4918
18.5959
31.3645
22.1693
38.2233
26.3792
8.31689
27.1763
20.8294
44.3301
10.8892
20.0179
41.9234
37.6674
40.9187
13.6797
30.2706
31.1705
8.94299
27.7416
33.9514
59.877
37.5907
48.6861
25.08
79.0173
45.0976
13.1152
10.544
19.9595
45.3847
52.3886
34.0864
11.1609
39.614
81.5137
128.699
154.099
115.85
43.2294
87.5032
76.1944
88.9842
114.394
5.27991
61.103
3.07458
107.458
81.7962
44.4043
108.779
105.071
54.9138
65.0463
111.134
55.8505
32.1024
138.119
37.7265
34.6825
65.0882
85.6859
65.0764
56.8592
42.0546
9.74445
52.127
20.8767
23.7846
102.507
44.9879
15.5719
37.6471
20.6432
51.2942
29.2031
28.6397
57.8603
52.1123
19.8121
74.3674
