12.7646
4.75669
11.6251
24.6407
8.22871
29.3736
62.5137
31.9407
42.4812
80.4137
105.187
38.2968
61.7886
52.3476
55.8995
13.2227
22.8201
56.0798
59.9298
9.22871
53.4198
79.2773
48.6952
42.0074
27.9509
18.4906
25.8216
17.2618
24.3885
59.1306
22.7748
9.56084
22.6297
6.14955
19.9476
42.868
15.9272
12.8803
8.43726
36.68
5.39373
16.4825
27.9852
15.8184
32.2385
42.5795
6.82995
14.5919
4.06448
6.19614
12.9316
9.94426
5.87025
22.4009
25.8789
11.6224
13.7417
17.2109
22.0255
10.4688
16.6516
6.51088
14.7874
7.73119
7.78033
9.20737
23.1167
6.40171
11.0284
14.0803
10.7079
8.28475
13.3167
9.22518
15.211
4.15856
7.90896
4.53354
4.77653
19.2607
13.1255
13.5745
2.7285
5.65537
16.0155
10.9287
11.212
4.06045
13.7151
13.2213
4.75022
6.01703
9.72639
18.4032
7.87164
12.6404
2.42089
9.63551
4.22483
10.7303
2.64722
0.464105
2.83599
1.18095
5.09282
13.9096
8.65856
6.34297
12.7074
2.78461
7.44346
7.98432
10.7175
7.09246
5.59205
5.40808
5.71511
8.47029
12.7286
11.5283
6.32279
1.65261
14.745
8.25839
10.224
13.1658
9.42241
8.51981
11.4867
8.63281
8.20596
8.24038
6.71114
16.32
7.56679
9.41747
4.95138
4.74278
10.9707
7.42237
11.2241
9.64227
7.32508
10.44
8.69864
5.97455
0.995655
18.941
6.83536
15.515
4.86485
6.67547
10.6874
3.3369
8.20605
5.03088
12.8235
12.5476
9.30266
5.40909
8.41446
1.36221
5.01756
10.9713
2.91381
8.05659
6.00744
12.3931
6.47071
10.3699
5.20948
8.99526
4.52085
9.45641
5.14499
3.52354
3.65869
6.52312
13.5177
7.94009
2.00086
6.1437
16.2878
5.35172
11.8927
5.97923
2.82742
15.6978
5.0537
10.1289
18.9429
9.95067
9.85221
6.54805
15.7441
6.64187
4.07049
15.8083
4.88359
1.14942
12.0485
5.63713
8.95203
12.5284
16.11
6.48695
5.69418
8.41481
4.15441
6.50656
6.77644
11.1113
7.86046
8.06666
9.05524
4.4853
3.1742
4.74995
11.6984
8.45342
7.97588
15.2585
3.57238
5.98228
6.23128
8.79354
9.48912
3.07622
7.20724
5.86929
7.8555
19.0581
9.7506
8.11321
9.74897
9.33067
2.39111
6.76858
15.2994
8.60534
8.09855
1.56506
13.994
11.2769
11.8903
2.66719
2.69024
5.25013
8.0472
7.70667
9.45461
16.7844
6.98208
3.29349
4.64877
9.93888
5.91191
3.39277
17.8017
2.35257
5.56196
17.4596
4.17888
12.535
4.07922
5.91719
4.57016
9.09329
5.23777
2.82237
5.76677
8.70268
4.40102
9.88957
3.23601
1.79716
7.92399
7.10694
14.1938
10.0632
10.5191
9.40127
4.96845
15.5032
3.63108
11.6315
9.35847
6.84221
9.53942
4.30462
8.7068
3.39729
3.63676
6.27464
6.14505
13.6328
7.38316
16.3828
6.80902
6.92221
15.742
9.93375
9.42126
15.684
13.0912
7.86547
1.32546
1.32546
7.86547
13.0912
15.684
9.42126
9.93375
15.742
6.92221
6.80902
16.3828
7.38316
13.6328
6.14505
6.27464
3.63676
3.39729
8.7068
4.30462
9.53942
6.84221
9.35847
11.6315
3.63108
15.5032
4.96845
9.40127
10.5191
10.0632
14.1938
7.10694
7.92399
1.79716
3.23601
9.88957
4.40102
8.70268
5.76677
2.82237
5.23777
9.09329
4.57016
5.91719
4.07922
12.535
4.17888
17.4596
5.56196
2.35257
17.8017
3.39277
5.91191
9.93888
4.64877
3.29349
6.98208
16.7844
9.45461
7.70667
8.0472
5.25013
2.69024
2.66719
11.8903
11.2769
13.994
1.56506
8.09855
8.60534
15.2994
6.76858
2.39111
9.33067
9.74897
8.11321
9.7506
19.0581
7.8555
5.86929
7.20724
3.07622
9.48912
8.79354
6.23128
5.98228
3.57238
15.2585
7.97588
8.45342
11.6984
4.74995
3.1742
4.4853
9.05524
8.06666
7.86046
11.1113
6.77644
6.50656
4.15441
8.41481
5.69418
6.48695
16.11
12.5284
8.95203
5.63713
12.0485
1.14942
4.88359
15.8083
4.07049
6.64187
15.7441
6.54805
9.85221
9.95067
18.9429
10.1289
5.0537
15.6978
2.82742
5.97923
11.8927
5.35172
16.2878
6.1437
2.00086
7.94009
13.5177
6.52312
3.65869
3.52354
5.14499
9.45641
4.52085
8.99526
5.20948
10.3699
6.47071
12.3931
6.00744
8.05659
2.91381
10.9713
5.01756
1.36221
8.41446
5.40909
9.30266
12.5476
12.8235
5.03088
8.20605
3.3369
10.6874
6.67547
4.86485
15.515
6.83536
18.941
0.995655
5.97455
8.69864
10.44
7.32508
9.64227
11.2241
7.42237
10.9707
4.74278
4.95138
9.41747
7.56679
16.32
6.71114
8.24038
8.20596
8.63281
11.4867
8.51981
9.42241
13.1658
10.224
8.25839
14.745
1.65261
6.32279
11.5283
12.7286
8.47029
5.71511
5.40808
5.59205
7.09246
10.7175
7.98432
7.44346
2.78461
12.7074
6.34297
8.65856
13.9096
5.09282
1.18095
2.83599
0.464105
2.64722
10.7303
4.22483
9.63551
2.42089
12.6404
7.87164
18.4032
9.72639
6.01703
4.75022
13.2213
13.7151
4.06045
11.212
10.9287
16.0155
5.65537
2.7285
13.5745
13.1255
19.2607
4.77653
4.53354
7.90896
4.15856
15.211
9.22518
13.3167
8.28475
10.7079
14.0803
11.0284
6.40171
23.1167
9.20737
7.78033
7.73119
14.7874
6.51088
16.6516
10.4688
22.0255
17.2109
13.7417
11.6224
25.8789
22.4009
5.87025
9.94426
12.9316
6.19614
4.06448
14.5919
6.82995
42.5795
32.2385
15.8184
27.9852
16.4825
5.39373
36.68
8.43726
12.8803
15.9272
42.868
19.9476
6.14955
22.6297
9.56084
22.7748
59.1306
24.3885
17.2618
25.8216
18.4906
27.9509
42.0074
48.6952
79.2773
53.4198
9.22871
59.9298
56.0798
22.8201
13.2227
55.8995
52.3476
61.7886
38.2968
105.187
80.4137
42.4812
31.9407
62.5137
29.3736
8.22871
24.6407
11.6251
4.75669
