23.2084
11.0139
11.1239
14.8182
12.0852
10.5475
1.51106
10.0757
15.5648
37.0095
44.5463
51.2445
32.2807
63.95
31.1369
54.7024
19.2437
50.8299
64.3749
17.1038
31.8154
20.9754
44.1815
16.9379
40.7661
11.0296
37.4514
7.35689
43.3086
43.808
19.0226
32.6159
11.7005
16.8219
22.1472
29.9076
2.53884
27.6764
28.7092
13.5076
14.7001
14.1504
7.53934
8.46971
15.0212
14.7788
5.05591
13.1618
28.3734
23.4867
23.7733
24.6835
12.3083
10.6219
1.08119
8.09578
7.25186
6.57789
26.239
16.8656
5.29379
6.09564
7.25185
11.6894
18.7108
9.51299
6.88421
14.1367
8.48971
7.32294
4.38859
6.6328
11.148
18.356
16.606
7.7617
3.17039
6.95356
12.7429
4.19581
11.6287
8.04026
7.78132
12.1556
4.19579
7.89394
5.52866
4.29807
9.85833
14.4074
9.8869
2.37369
7.04752
16.1812
11.9677
6.02047
10.0234
13.0112
2.70215
13.8617
6.20265
15.416
9.18532
1.72013
7.46237
13.5156
15.0577
6.14481
16.3735
7.7224
10.4959
5.91239
11.9981
8.17188
8.40276
11.937
4.42053
3.06186
14.1511
2.08047
10.4423
5.65579
4.47821
16.3884
3.50478
4.58694
7.7323
11.2151
7.17288
9.56473
9.34002
7.39846
9.63274
3.44736
5.54951
10.729
6.65546
5.57277
12.4801
2.62494
7.51913
3.76569
8.66019
5.65783
9.82545
10.2785
2.10597
10.5575
6.72528
10.0299
6.10172
1.07702
13.6153
5.43127
6.00505
11.5505
1.90157
7.73655
9.00773
8.30515
7.42351
5.20708
7.01941
7.30467
8.42307
11.1374
4.99764
10.8095
4.04519
1.4854
11.542
4.24782
6.49133
7.29298
7.51238
9.06717
8.68181
1.8052
17.8435
4.81946
11.5977
16.2264
4.75855
5.83154
5.89573
4.96673
5.87822
5.30369
13.4473
10.8478
1.54699
5.33547
2.44263
10.9514
13.6979
2.82039
3.00237
10.9991
11.4968
9.29089
13.5584
4.73964
8.73042
4.6566
6.20312
11.8174
6.08056
10.7252
10.4511
9.09936
7.01185
8.29448
8.86001
8.97184
5.80278
4.70122
8.38046
12.6436
10.0943
5.78187
4.60836
3.59761
3.52037
5.6019
4.38868
8.99702
5.45185
3.33159
12.0213
15.4248
0.82895
5.46756
8.08113
6.29547
4.15048
1.60152
18.5491
16.9469
15.4273
3.73497
7.35804
4.39131
7.41987
7.01298
0.51143
14.0043
3.37521
16.9617
7.4737
11.0882
12.2738
14.4281
7.42767
13.7766
18.2047
4.34216
9.93552
5.93567
3.94286
20.3432
9.94522
13.3688
21.9883
2.84729
14.3139
5.05093
3.46713
16.0111
7.99618
6.34545
19.5885
3.02841
10.6082
15.4975
7.55207
8.02871
2.60563
5.69839
16.6253
13.8357
6.83426
14.6556
6.0916
5.21414
3.60139
8.3442
8.86491
11.0718
11.5208
4.8474
19.3591
4.35653
8.95063
4.64549
5.37531
2.6731
11.6589
2.22681
7.03629
1.45512
11.3351
6.76364
6.39374
5.2552
3.85046
8.05291
3.91774
3.91774
8.05291
3.85046
5.2552
6.39374
6.76364
11.3351
1.45512
7.03629
2.22681
11.6589
2.6731
5.37531
4.64549
8.95063
4.35653
19.3591
4.8474
11.5208
11.0718
8.86491
8.3442
3.60139
5.21414
6.0916
14.6556
6.83426
13.8357
16.6253
5.69839
2.60563
8.02871
7.55207
15.4975
10.6082
3.02841
19.5885
6.34545
7.99618
16.0111
3.46713
5.05093
14.3139
2.84729
21.9883
13.3688
9.94522
20.3432
3.94286
5.93567
9.93552
4.34216
18.2047
13.7766
7.42767
14.4281
12.2738
11.0882
7.4737
16.9617
3.37521
14.0043
0.51143
7.01298
7.41987
4.39131
7.35804
3.73497
15.4273
16.9469
18.5491
1.60152
4.15048
6.29547
8.08113
5.46756
0.82895
15.4248
12.0213
3.33159
5.45185
8.99702
4.38868
5.6019
3.52037
3.59761
4.60836
5.78187
10.0943
12.6436
8.38046
4.70122
5.80278
8.97184
8.86001
8.29448
7.01185
9.09936
10.4511
10.7252
6.08056
11.8174
6.20312
4.6566
8.73042
4.73964
13.5584
9.29089
11.4968
10.9991
3.00237
2.82039
13.6979
10.9514
2.44263
5.33547
1.54699
10.8478
13.4473
5.30369
5.87822
4.96673
5.89573
5.83154
4.75855
16.2264
11.5977
4.81946
17.8435
1.8052
8.68181
9.06717
7.51238
7.29298
6.49133
4.24782
11.542
1.4854
4.04519
10.8095
4.99764
11.1374
8.42307
7.30467
7.01941
5.20708
7.42351
8.30515
9.00773
7.73655
1.90157
11.5505
6.00505
5.43127
13.6153
1.07702
6.10172
10.0299
6.72528
10.5575
2.10597
10.2785
9.82545
5.65783
8.66019
3.76569
7.51913
2.62494
12.4801
5.57277
6.65546
10.729
5.54951
3.44736
9.63274
7.39846
9.34002
9.56473
7.17288
11.2151
7.7323
4.58694
3.50478
16.3884
4.47821
5.65579
10.4423
2.08047
14.1511
3.06186
4.42053
11.937
8.40276
8.17188
11.9981
5.91239
10.4959
7.7224
16.3735
6.14481
15.0577
13.5156
7.46237
1.72013
9.18532
15.416
6.20265
13.8617
2.70215
13.0112
10.0234
6.02047
11.9677
16.1812
7.04752
2.37369
9.8869
14.4074
9.85833
4.29807
5.52866
7.89394
4.19579
12.1556
7.78132
8.04026
11.6287
4.19581
12.7429
6.95356
3.17039
7.7617
16.606
18.356
11.148
6.6328
4.38859
7.32294
8.48971
14.1367
6.88421
9.51299
18.7108
11.6894
7.25185
6.09564
5.29379
16.8656
26.239
6.57789
7.25186
8.09578
1.08119
10.6219
12.3083
24.6835
23.7733
23.4867
28.3734
13.1618
5.05591
14.7788
15.0212
8.46971
7.53934
14.1504
14.7001
13.5076
28.7092
27.6764
2.53884
29.9076
22.1472
16.8219
11.7005
32.6159
19.0226
43.808
43.3086
7.35689
37.4514
11.0296
40.7661
16.9379
44.1815
20.9754
31.8154
17.1038
64.3749
50.8299
19.2437
54.7024
31.1369
63.95
32.2807
51.2445
44.5463
37.0095
15.5648
10.0757
1.51106
10.5475
12.0852
14.8182
11.1239
11.0139
