1
1
1
1
1
1
1
1
1
1
1
1
1
1
1
1
1
1
1
1
1
1
1
1
1
1
1
1
1
1
1
1
1
1
1
1
1
1
1
1
1
1
1
1
1
1
1
1
1
1
1
1
1
1
1
1
1
1
1
1
1
1
1
1
1
1
1
1
1
1
1
1
1
1
1
1
0.999999
1
0.999999
1
0.999998
1
1
0.999973
1.00018
0.995852
0.949029
0.824012
0.660008
0.492785
0.325566
0.163054
0.0438144
0.00269785
0.000164325
2.70842e-05
5.98042e-06
1.49119e-06
4.69948e-07
3.03207e-07
3.48622e-07
4.31557e-07
5.04994e-07
5.59191e-07
5.95147e-07
6.16404e-07
6.26557e-07
6.28596e-07
6.24833e-07
6.17e-07
6.06378e-07
5.939e-07
5.80249e-07
5.65918e-07
5.51265e-07
5.36545e-07
5.21941e-07
5.07581e-07
4.93553e-07
4.79915e-07
4.66705e-07
4.53943e-07
4.41639e-07
4.29795e-07
4.18405e-07
4.07461e-07
3.9695e-07
3.86859e-07
3.77172e-07
3.67873e-07
3.58947e-07
3.50376e-07
3.42147e-07
3.34241e-07
3.26646e-07
3.19345e-07
3.12325e-07
3.05574e-07
2.99077e-07
2.92823e-07
2.86801e-07
2.80999e-07
2.75407e-07
2.70015e-07
2.64815e-07
2.59796e-07
2.54951e-07
2.50273e-07
2.45753e-07
2.41384e-07
2.3716e-07
2.33074e-07
2.29121e-07
2.25294e-07
2.21589e-07
2.18e-07
2.14522e-07
2.11152e-07
2.07883e-07
2.04713e-07
2.01638e-07
1.98653e-07
1.95755e-07
1.92941e-07
1.90208e-07
1.87552e-07
1.8497e-07
1.82461e-07
1.8002e-07
1.77647e-07
1.75338e-07
1.7309e-07
1.70903e-07
1.68773e-07
1.66699e-07
1.64679e-07
1.62711e-07
1.60793e-07
1.58924e-07
1.57101e-07
1.55325e-07
1.53592e-07
1.51902e-07
1.50253e-07
1.48645e-07
1.47075e-07
1.45542e-07
1.44047e-07
1.42586e-07
1.4116e-07
1.39767e-07
1.38406e-07
1.37077e-07
1.35779e-07
1.3451e-07
1.33269e-07
1.32057e-07
1.30872e-07
1.29714e-07
1.28581e-07
1.27474e-07
1.26391e-07
1.25331e-07
1.24295e-07
1.23282e-07
1.2229e-07
1.2132e-07
1.20371e-07
1.19442e-07
1.18534e-07
1.17644e-07
1.16774e-07
1.15922e-07
1.15088e-07
1.14272e-07
1.13473e-07
1.12691e-07
1.11926e-07
1.11176e-07
1.10443e-07
1.09724e-07
1.09021e-07
1.08333e-07
1.07658e-07
1.06999e-07
1.06352e-07
1.0572e-07
1.05101e-07
1.04494e-07
1.03901e-07
1.0332e-07
1.02751e-07
1.02195e-07
1.0165e-07
1.01116e-07
1.00594e-07
1.00083e-07
9.95835e-08
9.90943e-08
9.86157e-08
9.81474e-08
9.76894e-08
9.72414e-08
9.68032e-08
9.63747e-08
9.59557e-08
9.55461e-08
9.51457e-08
9.47544e-08
9.43721e-08
9.39985e-08
9.36336e-08
9.32773e-08
9.29293e-08
9.25897e-08
9.22583e-08
9.19349e-08
9.16194e-08
9.13119e-08
9.1012e-08
9.07198e-08
9.04352e-08
9.0158e-08
8.98881e-08
8.96256e-08
8.93702e-08
8.9122e-08
8.88808e-08
8.86465e-08
8.84191e-08
8.81985e-08
8.79847e-08
8.77774e-08
8.75769e-08
8.73828e-08
8.71952e-08
8.70141e-08
8.68393e-08
8.66709e-08
8.65086e-08
8.63527e-08
8.62028e-08
8.60592e-08
8.59215e-08
8.57899e-08
8.56643e-08
8.55447e-08
8.5431e-08
8.53232e-08
8.52213e-08
8.51251e-08
8.50348e-08
8.49502e-08
8.48714e-08
8.47983e-08
8.47309e-08
8.46692e-08
8.46131e-08
8.45628e-08
8.4518e-08
8.4479e-08
8.44454e-08
8.44174e-08
8.43952e-08
8.43784e-08
8.43672e-08
8.43617e-08
8.43617e-08
8.43673e-08
8.43784e-08
8.43951e-08
8.44175e-08
8.44454e-08
8.44789e-08
8.4518e-08
8.45628e-08
8.46131e-08
8.46692e-08
8.47309e-08
8.47983e-08
8.48713e-08
8.49502e-08
8.50347e-08
8.51251e-08
8.52212e-08
8.53232e-08
8.5431e-08
8.55447e-08
8.56643e-08
8.579e-08
8.59215e-08
8.60592e-08
8.62028e-08
8.63527e-08
8.65085e-08
8.66707e-08
8.68393e-08
8.7014e-08
8.71953e-08
8.73828e-08
8.75769e-08
8.77774e-08
8.79846e-08
8.81985e-08
8.84191e-08
8.86465e-08
8.88807e-08
8.9122e-08
8.93702e-08
8.96256e-08
8.98882e-08
9.0158e-08
9.04352e-08
9.07198e-08
9.1012e-08
9.13119e-08
9.16194e-08
9.19348e-08
9.22582e-08
9.25898e-08
9.29294e-08
9.32773e-08
9.36337e-08
9.39985e-08
9.43721e-08
9.47544e-08
9.51457e-08
9.55461e-08
9.59557e-08
9.63747e-08
9.68033e-08
9.72414e-08
9.76894e-08
9.81475e-08
9.86157e-08
9.90943e-08
9.95834e-08
1.00083e-07
1.00594e-07
1.01116e-07
1.0165e-07
1.02195e-07
1.02751e-07
1.0332e-07
1.03901e-07
1.04494e-07
1.05101e-07
1.0572e-07
1.06352e-07
1.06999e-07
1.07658e-07
1.08332e-07
1.09021e-07
1.09724e-07
1.10443e-07
1.11176e-07
1.11926e-07
1.12691e-07
1.13473e-07
1.14272e-07
1.15088e-07
1.15922e-07
1.16774e-07
1.17644e-07
1.18534e-07
1.19442e-07
1.20371e-07
1.2132e-07
1.2229e-07
1.23282e-07
1.24295e-07
1.25331e-07
1.26391e-07
1.27474e-07
1.28581e-07
1.29714e-07
1.30872e-07
1.32057e-07
1.33269e-07
1.3451e-07
1.35779e-07
1.37077e-07
1.38406e-07
1.39767e-07
1.4116e-07
1.42586e-07
1.44047e-07
1.45542e-07
1.47075e-07
1.48645e-07
1.50253e-07
1.51902e-07
1.53592e-07
1.55325e-07
1.57101e-07
1.58924e-07
1.60793e-07
1.62711e-07
1.64679e-07
1.66699e-07
1.68773e-07
1.70903e-07
1.7309e-07
1.75338e-07
1.77647e-07
1.80021e-07
1.82461e-07
1.8497e-07
1.87552e-07
1.90208e-07
1.92941e-07
1.95755e-07
1.98653e-07
2.01638e-07
2.04713e-07
2.07883e-07
2.11152e-07
2.14522e-07
2.18e-07
2.21589e-07
2.25294e-07
2.29121e-07
2.33074e-07
2.3716e-07
2.41384e-07
2.45753e-07
2.50273e-07
2.54951e-07
2.59796e-07
2.64815e-07
2.70015e-07
2.75407e-07
2.80999e-07
2.86801e-07
2.92823e-07
2.99077e-07
3.05574e-07
3.12325e-07
3.19345e-07
3.26646e-07
3.34241e-07
3.42147e-07
3.50376e-07
3.58947e-07
3.67873e-07
3.77172e-07
3.86859e-07
3.9695e-07
4.07461e-07
4.18405e-07
4.29795e-07
4.41639e-07
4.53943e-07
4.66705e-07
4.79915e-07
4.93553e-07
5.07581e-07
5.21941e-07
5.36545e-07
5.51265e-07
5.65918e-07
5.80249e-07
5.939e-07
6.06378e-07
6.17e-07
6.24833e-07
6.28596e-07
6.26557e-07
6.16404e-07
5.95147e-07
5.59191e-07
5.04994e-07
4.31557e-07
3.48622e-07
3.03207e-07
4.69948e-07
1.49119e-06
5.98042e-06
2.70842e-05
0.000164325
0.00269785
0.0438144
0.163054
0.325566
0.492785
0.660008
0.824012
0.949029
0.995852
1.00018
0.999973
1
1
0.999998
1
0.999999
1
0.999999
1
1
1
1
1
1
1
1
1
1
1
1
1
1
1
1
1
1
1
1
1
1
1
1
1
1
1
1
1
1
1
1
1
1
1
1
1
1
1
1
1
1
1
1
1
1
1
1
1
1
1
1
1
1
1
1
1
1
1
1
1
1
1
1
1
1
1
1
1
1
1
1
1
1
1
